1.120700000000000000e+04
1.326500000000000000e+04
1.467900000000000000e+04
1.532700000000000000e+04
1.752600000000000000e+04
1.654500000000000000e+04
1.795800000000000000e+04
1.717000000000000000e+04
1.688700000000000000e+04
1.780700000000000000e+04
1.784200000000000000e+04
1.853900000000000000e+04
2.069100000000000000e+04
1.800200000000000000e+04
2.098300000000000000e+04
2.067900000000000000e+04
2.060900000000000000e+04
2.083500000000000000e+04
1.855300000000000000e+04
2.070200000000000000e+04
2.084100000000000000e+04
2.063100000000000000e+04
2.012900000000000000e+04
1.795100000000000000e+04
2.052300000000000000e+04
2.058300000000000000e+04
1.953000000000000000e+04
2.140100000000000000e+04
2.110900000000000000e+04
2.060100000000000000e+04
2.048700000000000000e+04
1.975000000000000000e+04
1.788800000000000000e+04
2.125900000000000000e+04
2.065700000000000000e+04
2.140800000000000000e+04
2.152300000000000000e+04
2.220900000000000000e+04
2.304900000000000000e+04
2.192900000000000000e+04
1.855200000000000000e+04
2.201800000000000000e+04
2.087100000000000000e+04
2.055900000000000000e+04
2.059100000000000000e+04
2.085700000000000000e+04
2.059200000000000000e+04
2.146300000000000000e+04
2.133300000000000000e+04
2.289300000000000000e+04
2.106100000000000000e+04
1.953300000000000000e+04
2.188600000000000000e+04
2.124200000000000000e+04
1.932100000000000000e+04
2.139300000000000000e+04
1.790800000000000000e+04
2.149500000000000000e+04
2.056300000000000000e+04
2.251400000000000000e+04
2.470400000000000000e+04
2.515700000000000000e+04
2.063900000000000000e+04
2.470300000000000000e+04
2.588700000000000000e+04
2.481700000000000000e+04
2.092500000000000000e+04
2.494300000000000000e+04
2.302300000000000000e+04
2.317900000000000000e+04
2.751300000000000000e+04
2.631100000000000000e+04
2.746300000000000000e+04
2.552500000000000000e+04
2.716700000000000000e+04
2.746300000000000000e+04
2.490900000000000000e+04
2.477300000000000000e+04
2.803300000000000000e+04
2.129400000000000000e+04
2.908300000000000000e+04
2.716700000000000000e+04
2.776100000000000000e+04
2.867500000000000000e+04
1.844800000000000000e+04
3.070300000000000000e+04
2.898500000000000000e+04
2.826300000000000000e+04
2.843900000000000000e+04
2.614100000000000000e+04
2.958100000000000000e+04
1.226000000000000000e+04
3.246100000000000000e+04
3.246100000000000000e+04
3.234500000000000000e+04
3.258700000000000000e+04
3.302100000000000000e+04
3.112300000000000000e+04
2.189900000000000000e+04
1.415900000000000000e+04
1.666700000000000000e+04
2.119800000000000000e+04
2.119500000000000000e+04
1.681300000000000000e+04
1.839900000000000000e+04
1.839400000000000000e+04
1.822800000000000000e+04
1.797500000000000000e+04
1.922100000000000000e+04
1.954600000000000000e+04
2.194900000000000000e+04
1.972900000000000000e+04
1.866500000000000000e+04
1.815500000000000000e+04
1.808000000000000000e+04
1.769600000000000000e+04
1.963400000000000000e+04
2.069600000000000000e+04
2.507300000000000000e+04
2.052500000000000000e+04
2.111100000000000000e+04
2.149200000000000000e+04
2.088500000000000000e+04
2.201900000000000000e+04
1.902500000000000000e+04
2.037400000000000000e+04
1.913500000000000000e+04
2.135300000000000000e+04
2.012000000000000000e+04
1.941400000000000000e+04
2.107700000000000000e+04
2.711100000000000000e+04
2.180100000000000000e+04
2.158200000000000000e+04
1.773800000000000000e+04
1.868800000000000000e+04
2.675500000000000000e+04
2.015400000000000000e+04
2.053300000000000000e+04
1.887700000000000000e+04
2.556700000000000000e+04
2.465400000000000000e+04
2.104800000000000000e+04
2.057500000000000000e+04
2.011500000000000000e+04
3.059700000000000000e+04
2.507900000000000000e+04
2.473100000000000000e+04
2.216300000000000000e+04
2.463900000000000000e+04
2.121500000000000000e+04
2.186100000000000000e+04
2.210700000000000000e+04
2.673100000000000000e+04
1.717400000000000000e+04
2.157300000000000000e+04
2.201100000000000000e+04
2.616500000000000000e+04
2.108500000000000000e+04
2.474300000000000000e+04
2.835700000000000000e+04
2.053700000000000000e+04
2.970300000000000000e+04
3.299400000000000000e+04
1.790000000000000000e+04
3.308900000000000000e+04
1.846200000000000000e+04
1.698100000000000000e+04
2.236500000000000000e+04
2.923300000000000000e+04
3.033700000000000000e+04
2.120900000000000000e+04
1.471500000000000000e+04
2.576700000000000000e+04
1.938600000000000000e+04
2.954300000000000000e+04
2.778700000000000000e+04
1.875100000000000000e+04
3.289300000000000000e+04
2.306500000000000000e+04
1.769000000000000000e+04
2.462500000000000000e+04
1.916700000000000000e+04
3.525100000000000000e+04
1.690200000000000000e+04
2.588900000000000000e+04
1.791600000000000000e+04
3.016100000000000000e+04
3.238900000000000000e+04
2.077200000000000000e+04
2.914500000000000000e+04
1.881100000000000000e+04
2.731100000000000000e+04
3.550200000000000000e+04
1.988200000000000000e+04
3.175900000000000000e+04
2.703300000000000000e+04
1.831200000000000000e+04
1.956900000000000000e+04
2.042300000000000000e+04
1.939800000000000000e+04
2.050100000000000000e+04
2.004800000000000000e+04
2.253100000000000000e+04
1.831600000000000000e+04
2.185300000000000000e+04
1.336500000000000000e+04
2.081100000000000000e+04
2.134500000000000000e+04
2.061300000000000000e+04
1.790100000000000000e+04
1.715700000000000000e+04
2.535500000000000000e+04
3.160900000000000000e+04
2.129100000000000000e+04
2.468700000000000000e+04
2.752900000000000000e+04
2.086100000000000000e+04
2.101700000000000000e+04
2.518300000000000000e+04
2.267700000000000000e+04
2.128500000000000000e+04
1.763500000000000000e+04
1.921900000000000000e+04
1.752800000000000000e+04
1.717800000000000000e+04
2.668500000000000000e+04
2.056100000000000000e+04
2.494700000000000000e+04
2.487100000000000000e+04
2.712500000000000000e+04
2.125300000000000000e+04
1.964100000000000000e+04
1.670500000000000000e+04
2.751900000000000000e+04
1.734100000000000000e+04
1.744500000000000000e+04
1.755100000000000000e+04
2.466900000000000000e+04
1.829300000000000000e+04
2.616100000000000000e+04
1.875600000000000000e+04
2.930900000000000000e+04
2.003000000000000000e+04
2.103500000000000000e+04
2.507700000000000000e+04
2.174100000000000000e+04
2.059500000000000000e+04
2.798700000000000000e+04
2.075100000000000000e+04
2.612700000000000000e+04
2.840100000000000000e+04
1.754300000000000000e+04
2.162300000000000000e+04
2.276900000000000000e+04
2.487700000000000000e+04
2.165900000000000000e+04
3.089100000000000000e+04
2.184100000000000000e+04
2.496100000000000000e+04
3.534400000000000000e+04
2.533700000000000000e+04
2.119100000000000000e+04
1.718400000000000000e+04
2.562500000000000000e+04
2.077100000000000000e+04
2.551500000000000000e+04
2.690500000000000000e+04
2.052500000000000000e+04
1.781200000000000000e+04
1.747400000000000000e+04
2.560100000000000000e+04
2.154200000000000000e+04
2.082300000000000000e+04
2.830500000000000000e+04
1.781700000000000000e+04
2.592900000000000000e+04
2.080700000000000000e+04
1.802900000000000000e+04
2.068500000000000000e+04
3.067500000000000000e+04
1.948300000000000000e+04
2.891700000000000000e+04
2.085300000000000000e+04
2.559900000000000000e+04
2.068200000000000000e+04
2.315300000000000000e+04
1.752500000000000000e+04
2.058100000000000000e+04
1.901500000000000000e+04
2.054100000000000000e+04
3.087100000000000000e+04
1.849500000000000000e+04
1.731600000000000000e+04
2.837700000000000000e+04
2.945700000000000000e+04
2.467500000000000000e+04
3.182300000000000000e+04
2.090100000000000000e+04
2.679100000000000000e+04
1.401200000000000000e+04
1.891500000000000000e+04
2.594700000000000000e+04
2.066500000000000000e+04
1.894000000000000000e+04
1.917000000000000000e+04
3.223900000000000000e+04
3.043100000000000000e+04
2.715100000000000000e+04
1.939300000000000000e+04
2.861300000000000000e+04
2.081700000000000000e+04
2.750500000000000000e+04
2.151000000000000000e+04
2.095800000000000000e+04
2.107300000000000000e+04
2.104700000000000000e+04
2.382600000000000000e+04
2.101200000000000000e+04
2.564100000000000000e+04
2.148700000000000000e+04
3.658400000000000000e+04
2.611900000000000000e+04
2.709900000000000000e+04
2.098700000000000000e+04
2.086600000000000000e+04
1.806900000000000000e+04
2.084100000000000000e+04
2.271300000000000000e+04
2.497900000000000000e+04
2.537500000000000000e+04
2.310300000000000000e+04
2.613300000000000000e+04
2.199500000000000000e+04
1.888500000000000000e+04
2.048700000000000000e+04
3.031700000000000000e+04
2.549900000000000000e+04
1.682800000000000000e+04
2.529300000000000000e+04
1.858000000000000000e+04
2.093900000000000000e+04
2.163700000000000000e+04
1.795700000000000000e+04
2.464100000000000000e+04
1.232900000000000000e+04
3.322000000000000000e+04
2.698900000000000000e+04
2.513700000000000000e+04
2.072300000000000000e+04
1.838000000000000000e+04
2.084100000000000000e+04
2.471700000000000000e+04
2.480500000000000000e+04
2.458700000000000000e+04
2.041000000000000000e+04
1.535700000000000000e+04
2.925300000000000000e+04
2.863500000000000000e+04
1.835800000000000000e+04
1.660000000000000000e+04
2.476700000000000000e+04
2.464900000000000000e+04
1.813200000000000000e+04
1.907800000000000000e+04
1.933700000000000000e+04
2.476700000000000000e+04
1.841400000000000000e+04
2.222800000000000000e+04
1.900900000000000000e+04
1.276100000000000000e+04
2.688100000000000000e+04
2.714100000000000000e+04
2.089500000000000000e+04
2.490100000000000000e+04
1.730600000000000000e+04
2.565300000000000000e+04
2.126300000000000000e+04
1.423500000000000000e+04
2.768100000000000000e+04
1.987700000000000000e+04
2.665300000000000000e+04
3.044900000000000000e+04
2.521500000000000000e+04
1.782400000000000000e+04
2.697900000000000000e+04
1.949700000000000000e+04
2.081300000000000000e+04
2.501600000000000000e+04
1.701400000000000000e+04
1.823600000000000000e+04
2.089100000000000000e+04
1.973400000000000000e+04
2.083100000000000000e+04
2.218000000000000000e+04
2.641100000000000000e+04
1.776700000000000000e+04
2.559100000000000000e+04
3.453600000000000000e+04
2.727100000000000000e+04
2.022700000000000000e+04
2.738100000000000000e+04
2.229700000000000000e+04
1.740300000000000000e+04
2.009800000000000000e+04
1.579100000000000000e+04
2.764500000000000000e+04
1.703700000000000000e+04
1.786700000000000000e+04
2.114900000000000000e+04
2.086300000000000000e+04
1.859600000000000000e+04
2.126500000000000000e+04
1.783100000000000000e+04
2.752700000000000000e+04
2.467900000000000000e+04
1.536300000000000000e+04
2.949100000000000000e+04
1.908700000000000000e+04
2.291300000000000000e+04
3.289700000000000000e+04
1.704900000000000000e+04
2.052000000000000000e+04
1.860800000000000000e+04
2.117600000000000000e+04
2.484100000000000000e+04
2.080900000000000000e+04
2.086900000000000000e+04
1.675300000000000000e+04
2.819500000000000000e+04
1.795700000000000000e+04
1.911500000000000000e+04
1.864700000000000000e+04
2.131100000000000000e+04
1.964900000000000000e+04
1.745000000000000000e+04
3.434900000000000000e+04
1.792100000000000000e+04
1.213000000000000000e+04
1.984200000000000000e+04
1.866500000000000000e+04
2.195900000000000000e+04
2.062500000000000000e+04
2.094900000000000000e+04
1.901700000000000000e+04
2.215200000000000000e+04
1.884500000000000000e+04
2.190300000000000000e+04
2.061600000000000000e+04
2.740300000000000000e+04
2.081100000000000000e+04
1.796600000000000000e+04
2.687700000000000000e+04
2.468300000000000000e+04
2.801100000000000000e+04
2.081900000000000000e+04
2.104100000000000000e+04
2.107500000000000000e+04
1.722900000000000000e+04
2.067900000000000000e+04
2.173500000000000000e+04
2.059100000000000000e+04
2.074300000000000000e+04
1.950400000000000000e+04
1.824000000000000000e+04
2.897900000000000000e+04
2.059700000000000000e+04
2.165900000000000000e+04
2.132100000000000000e+04
2.074900000000000000e+04
2.974300000000000000e+04
2.053000000000000000e+04
2.179700000000000000e+04
2.200900000000000000e+04
2.140700000000000000e+04
1.963700000000000000e+04
1.222500000000000000e+04
2.508500000000000000e+04
2.546700000000000000e+04
2.063500000000000000e+04
1.801500000000000000e+04
1.767600000000000000e+04
2.721700000000000000e+04
2.625100000000000000e+04
2.070500000000000000e+04
2.077300000000000000e+04
2.651700000000000000e+04
2.017900000000000000e+04
2.935500000000000000e+04
1.851700000000000000e+04
2.824500000000000000e+04
1.731100000000000000e+04
1.771100000000000000e+04
1.735900000000000000e+04
2.076800000000000000e+04
2.073300000000000000e+04
1.846000000000000000e+04
2.140500000000000000e+04
2.905300000000000000e+04
2.117700000000000000e+04
3.121900000000000000e+04
3.087100000000000000e+04
1.697400000000000000e+04
2.704100000000000000e+04
1.771500000000000000e+04
3.429900000000000000e+04
1.944600000000000000e+04
2.886300000000000000e+04
2.886900000000000000e+04
2.461700000000000000e+04
1.490300000000000000e+04
2.333300000000000000e+04
2.500100000000000000e+04
2.512700000000000000e+04
2.315500000000000000e+04
2.220700000000000000e+04
1.865700000000000000e+04
1.411300000000000000e+04
2.162400000000000000e+04
3.427200000000000000e+04
1.709700000000000000e+04
2.176300000000000000e+04
2.117300000000000000e+04
2.150100000000000000e+04
1.764700000000000000e+04
2.603900000000000000e+04
2.905900000000000000e+04
2.977300000000000000e+04
1.736300000000000000e+04
1.896100000000000000e+04
3.005100000000000000e+04
2.099900000000000000e+04
1.691500000000000000e+04
2.464100000000000000e+04
1.040300000000000000e+04
2.402200000000000000e+04
2.578300000000000000e+04
1.863900000000000000e+04
2.846300000000000000e+04
2.049100000000000000e+04
1.859800000000000000e+04
1.827200000000000000e+04
2.969100000000000000e+04
1.205000000000000000e+04
1.817400000000000000e+04
2.131700000000000000e+04
1.893900000000000000e+04
2.476100000000000000e+04
1.832300000000000000e+04
1.991200000000000000e+04
1.894400000000000000e+04
1.936400000000000000e+04
1.871800000000000000e+04
2.757700000000000000e+04
1.665700000000000000e+04
2.089100000000000000e+04
2.117300000000000000e+04
1.950800000000000000e+04
2.834700000000000000e+04
2.502500000000000000e+04
2.048800000000000000e+04
2.551300000000000000e+04
2.471100000000000000e+04
3.286200000000000000e+04
1.956200000000000000e+04
3.470000000000000000e+04
2.550900000000000000e+04
2.196000000000000000e+04
3.021700000000000000e+04
2.105600000000000000e+04
2.144300000000000000e+04
2.070700000000000000e+04
1.677600000000000000e+04
3.137100000000000000e+04
2.505100000000000000e+04
1.844700000000000000e+04
3.029700000000000000e+04
2.554500000000000000e+04
3.108300000000000000e+04
1.794800000000000000e+04
1.797800000000000000e+04
3.128100000000000000e+04
2.286200000000000000e+04
2.544300000000000000e+04
1.878100000000000000e+04
2.017200000000000000e+04
2.074200000000000000e+04
2.624900000000000000e+04
2.090300000000000000e+04
1.826800000000000000e+04
1.690900000000000000e+04
2.064300000000000000e+04
1.754500000000000000e+04
2.170100000000000000e+04
2.127100000000000000e+04
2.053100000000000000e+04
2.698700000000000000e+04
1.926400000000000000e+04
2.799300000000000000e+04
2.630100000000000000e+04
2.188700000000000000e+04
9.827000000000000000e+03
2.510700000000000000e+04
2.961300000000000000e+04
2.083100000000000000e+04
2.740300000000000000e+04
2.638700000000000000e+04
2.693700000000000000e+04
2.062700000000000000e+04
2.177700000000000000e+04
2.026700000000000000e+04
2.490100000000000000e+04
2.167500000000000000e+04
2.156200000000000000e+04
2.261500000000000000e+04
2.116700000000000000e+04
2.065300000000000000e+04
1.530700000000000000e+04
2.074100000000000000e+04
2.148200000000000000e+04
2.139700000000000000e+04
1.795900000000000000e+04
1.882000000000000000e+04
1.899400000000000000e+04
2.075500000000000000e+04
3.152700000000000000e+04
2.118300000000000000e+04
1.908400000000000000e+04
3.096900000000000000e+04
2.494500000000000000e+04
2.051100000000000000e+04
1.800100000000000000e+04
2.246400000000000000e+04
2.779500000000000000e+04
1.686100000000000000e+04
2.086300000000000000e+04
1.965100000000000000e+04
2.596300000000000000e+04
1.702600000000000000e+04
1.937400000000000000e+04
2.098100000000000000e+04
2.512100000000000000e+04
1.892100000000000000e+04
2.645500000000000000e+04
1.721600000000000000e+04
2.126900000000000000e+04
2.296700000000000000e+04
3.514900000000000000e+04
1.784200000000000000e+04
1.872700000000000000e+04
1.888700000000000000e+04
2.157300000000000000e+04
2.544500000000000000e+04
2.475700000000000000e+04
2.061500000000000000e+04
2.094500000000000000e+04
1.678700000000000000e+04
1.953800000000000000e+04
2.316300000000000000e+04
1.676100000000000000e+04
2.172200000000000000e+04
3.364100000000000000e+04
1.887000000000000000e+04
2.524500000000000000e+04
2.281600000000000000e+04
2.709300000000000000e+04
2.693100000000000000e+04
2.231200000000000000e+04
2.592100000000000000e+04
1.847900000000000000e+04
2.750900000000000000e+04
2.003800000000000000e+04
1.836300000000000000e+04
1.449500000000000000e+04
2.071000000000000000e+04
2.177700000000000000e+04
2.181300000000000000e+04
1.484700000000000000e+04
2.049900000000000000e+04
2.193100000000000000e+04
2.558700000000000000e+04
1.983400000000000000e+04
2.080700000000000000e+04
2.984700000000000000e+04
2.995300000000000000e+04
2.139300000000000000e+04
2.050500000000000000e+04
2.570900000000000000e+04
1.234700000000000000e+04
1.745300000000000000e+04
1.680900000000000000e+04
2.703700000000000000e+04
2.126100000000000000e+04
1.832100000000000000e+04
2.174700000000000000e+04
1.944600000000000000e+04
1.999500000000000000e+04
2.111100000000000000e+04
1.660500000000000000e+04
1.807100000000000000e+04
1.841100000000000000e+04
1.670800000000000000e+04
1.677100000000000000e+04
2.261200000000000000e+04
1.920200000000000000e+04
2.054700000000000000e+04
1.891300000000000000e+04
2.967900000000000000e+04
2.059700000000000000e+04
2.827700000000000000e+04
1.745500000000000000e+04
1.797500000000000000e+04
1.850300000000000000e+04
2.143200000000000000e+04
2.053700000000000000e+04
1.841000000000000000e+04
3.489200000000000000e+04
1.719800000000000000e+04
3.206900000000000000e+04
1.720200000000000000e+04
2.093100000000000000e+04
2.774700000000000000e+04
2.745900000000000000e+04
2.068900000000000000e+04
1.901700000000000000e+04
3.274900000000000000e+04
1.701400000000000000e+04
2.137000000000000000e+04
3.488600000000000000e+04
2.181100000000000000e+04
3.064500000000000000e+04
3.400100000000000000e+04
2.155100000000000000e+04
2.050900000000000000e+04
2.191800000000000000e+04
1.784900000000000000e+04
1.721000000000000000e+04
2.644300000000000000e+04
1.668200000000000000e+04
2.235200000000000000e+04
1.503500000000000000e+04
2.521100000000000000e+04
2.842900000000000000e+04
3.491800000000000000e+04
1.964900000000000000e+04
2.141300000000000000e+04
1.839800000000000000e+04
1.931100000000000000e+04
1.763300000000000000e+04
2.056900000000000000e+04
3.037700000000000000e+04
2.479500000000000000e+04
1.818200000000000000e+04
2.130900000000000000e+04
2.789100000000000000e+04
2.052100000000000000e+04
2.222500000000000000e+04
1.502900000000000000e+04
2.984100000000000000e+04
1.837800000000000000e+04
1.750400000000000000e+04
2.520700000000000000e+04
1.791000000000000000e+04
1.892100000000000000e+04
2.252300000000000000e+04
3.327700000000000000e+04
2.076800000000000000e+04
2.084800000000000000e+04
2.582500000000000000e+04
2.054300000000000000e+04
1.642500000000000000e+04
3.292800000000000000e+04
1.932000000000000000e+04
1.772500000000000000e+04
1.947000000000000000e+04
2.472300000000000000e+04
1.904400000000000000e+04
2.871100000000000000e+04
2.802300000000000000e+04
3.147100000000000000e+04
2.768900000000000000e+04
2.492500000000000000e+04
2.096700000000000000e+04
3.650800000000000000e+04
2.910300000000000000e+04
2.492900000000000000e+04
1.232300000000000000e+04
2.099900000000000000e+04
2.722500000000000000e+04
2.536100000000000000e+04
3.097100000000000000e+04
2.029400000000000000e+04
2.057700000000000000e+04
2.048500000000000000e+04
1.821300000000000000e+04
1.937800000000000000e+04
2.056900000000000000e+04
2.472100000000000000e+04
2.092900000000000000e+04
2.720900000000000000e+04
1.771700000000000000e+04
1.856900000000000000e+04
1.830700000000000000e+04
2.257400000000000000e+04
2.059900000000000000e+04
2.819700000000000000e+04
3.359100000000000000e+04
2.957900000000000000e+04
1.901600000000000000e+04
2.338500000000000000e+04
2.635300000000000000e+04
2.678300000000000000e+04
2.099100000000000000e+04
1.709800000000000000e+04
2.086700000000000000e+04
2.067200000000000000e+04
2.177700000000000000e+04
3.492200000000000000e+04
2.413800000000000000e+04
3.303800000000000000e+04
2.111500000000000000e+04
2.072700000000000000e+04
1.346100000000000000e+04
2.129500000000000000e+04
1.806500000000000000e+04
1.903400000000000000e+04
2.393700000000000000e+04
1.838300000000000000e+04
1.898300000000000000e+04
2.079500000000000000e+04
2.196900000000000000e+04
1.755500000000000000e+04
2.133500000000000000e+04
2.675500000000000000e+04
2.106100000000000000e+04
2.830500000000000000e+04
2.626500000000000000e+04
2.058600000000000000e+04
1.921200000000000000e+04
2.136200000000000000e+04
3.383800000000000000e+04
2.140700000000000000e+04
1.859100000000000000e+04
3.521000000000000000e+04
3.314400000000000000e+04
2.497700000000000000e+04
1.585300000000000000e+04
2.149400000000000000e+04
2.070300000000000000e+04
2.482900000000000000e+04
1.750800000000000000e+04
2.234700000000000000e+04
1.778100000000000000e+04
2.964700000000000000e+04
2.071500000000000000e+04
2.494700000000000000e+04
2.190100000000000000e+04
2.164900000000000000e+04
2.082900000000000000e+04
2.069500000000000000e+04
3.264300000000000000e+04
2.484300000000000000e+04
2.570500000000000000e+04
2.163100000000000000e+04
2.018300000000000000e+04
1.906000000000000000e+04
1.855100000000000000e+04
2.157100000000000000e+04
2.776900000000000000e+04
2.617100000000000000e+04
3.052900000000000000e+04
1.804900000000000000e+04
1.867700000000000000e+04
2.509700000000000000e+04
1.731700000000000000e+04
3.114900000000000000e+04
2.124900000000000000e+04
2.785500000000000000e+04
2.900100000000000000e+04
2.298600000000000000e+04
2.050100000000000000e+04
2.811900000000000000e+04
2.709500000000000000e+04
2.846500000000000000e+04
1.934800000000000000e+04
2.693300000000000000e+04
1.782800000000000000e+04
2.119700000000000000e+04
2.866500000000000000e+04
2.922700000000000000e+04
2.183700000000000000e+04
2.132700000000000000e+04
2.611700000000000000e+04
2.465300000000000000e+04
2.497300000000000000e+04
1.880800000000000000e+04
3.282900000000000000e+04
2.478700000000000000e+04
2.636500000000000000e+04
2.460900000000000000e+04
2.092200000000000000e+04
2.521700000000000000e+04
2.116900000000000000e+04
3.264700000000000000e+04
2.187800000000000000e+04
2.515300000000000000e+04
2.515900000000000000e+04
2.059500000000000000e+04
2.504300000000000000e+04
2.772500000000000000e+04
2.121100000000000000e+04
2.503900000000000000e+04
1.679500000000000000e+04
1.667200000000000000e+04
1.801600000000000000e+04
2.061300000000000000e+04
2.089500000000000000e+04
3.287300000000000000e+04
1.736600000000000000e+04
2.852300000000000000e+04
2.134300000000000000e+04
2.625700000000000000e+04
2.471100000000000000e+04
1.366500000000000000e+04
1.966100000000000000e+04
2.112100000000000000e+04
2.032200000000000000e+04
3.192900000000000000e+04
2.693700000000000000e+04
2.634500000000000000e+04
2.492900000000000000e+04
1.676300000000000000e+04
2.800500000000000000e+04
2.072200000000000000e+04
3.737200000000000000e+04
1.729100000000000000e+04
2.514300000000000000e+04
1.317500000000000000e+04
2.105100000000000000e+04
2.170300000000000000e+04
1.870200000000000000e+04
2.725900000000000000e+04
2.048700000000000000e+04
2.169900000000000000e+04
2.495300000000000000e+04
2.052300000000000000e+04
1.473900000000000000e+04
1.985400000000000000e+04
2.533500000000000000e+04
1.441500000000000000e+04
2.708300000000000000e+04
2.100900000000000000e+04
1.838300000000000000e+04
1.949100000000000000e+04
1.823000000000000000e+04
2.484300000000000000e+04
1.883700000000000000e+04
2.094100000000000000e+04
2.081100000000000000e+04
2.615100000000000000e+04
2.056900000000000000e+04
1.696400000000000000e+04
2.319700000000000000e+04
3.040700000000000000e+04
3.305500000000000000e+04
2.589300000000000000e+04
2.715900000000000000e+04
2.188500000000000000e+04
3.486000000000000000e+04
2.913100000000000000e+04
1.903600000000000000e+04
2.105700000000000000e+04
2.066300000000000000e+04
2.850700000000000000e+04
2.791900000000000000e+04
1.652100000000000000e+04
2.064300000000000000e+04
2.512500000000000000e+04
1.873100000000000000e+04
2.984900000000000000e+04
2.043600000000000000e+04
2.148500000000000000e+04
2.126900000000000000e+04
1.851800000000000000e+04
2.501700000000000000e+04
2.137200000000000000e+04
2.460300000000000000e+04
1.827800000000000000e+04
2.057100000000000000e+04
2.496400000000000000e+04
2.635700000000000000e+04
2.955500000000000000e+04
1.813800000000000000e+04
2.589700000000000000e+04
2.199700000000000000e+04
2.479700000000000000e+04
2.304000000000000000e+04
3.287000000000000000e+04
3.135500000000000000e+04
3.356300000000000000e+04
