8.551400000000000000e+04
9.144600000000000000e+04
9.162300000000000000e+04
9.209800000000000000e+04
9.234600000000000000e+04
9.286900000000000000e+04
9.285800000000000000e+04
9.374200000000000000e+04
9.560800000000000000e+04
9.558000000000000000e+04
9.751200000000000000e+04
9.724800000000000000e+04
9.730000000000000000e+04
9.160000000000000000e+04
9.821100000000000000e+04
9.271600000000000000e+04
9.315500000000000000e+04
9.831200000000000000e+04
9.394100000000000000e+04
9.337900000000000000e+04
9.945300000000000000e+04
9.979200000000000000e+04
9.992700000000000000e+04
1.005510000000000000e+05
1.008320000000000000e+05
9.499400000000000000e+04
1.021740000000000000e+05
1.023070000000000000e+05
1.025680000000000000e+05
9.601000000000000000e+04
9.568600000000000000e+04
9.671600000000000000e+04
9.775100000000000000e+04
9.881000000000000000e+04
1.044630000000000000e+05
1.046600000000000000e+05
1.047780000000000000e+05
1.052730000000000000e+05
9.985500000000000000e+04
9.914400000000000000e+04
1.056370000000000000e+05
9.964200000000000000e+04
1.060360000000000000e+05
1.051320000000000000e+05
1.004030000000000000e+05
1.070440000000000000e+05
1.012200000000000000e+05
1.017850000000000000e+05
1.076360000000000000e+05
1.019090000000000000e+05
1.030040000000000000e+05
1.086120000000000000e+05
1.020240000000000000e+05
1.085320000000000000e+05
1.025240000000000000e+05
1.092570000000000000e+05
1.033820000000000000e+05
1.101620000000000000e+05
1.102910000000000000e+05
1.049300000000000000e+05
1.050410000000000000e+05
1.112810000000000000e+05
1.051500000000000000e+05
1.046280000000000000e+05
1.056690000000000000e+05
1.113330000000000000e+05
1.047650000000000000e+05
1.118260000000000000e+05
1.123240000000000000e+05
1.073760000000000000e+05
1.078100000000000000e+05
1.061280000000000000e+05
1.065020000000000000e+05
1.138390000000000000e+05
1.141600000000000000e+05
1.140450000000000000e+05
1.074850000000000000e+05
1.142140000000000000e+05
1.090070000000000000e+05
1.090320000000000000e+05
1.169100000000000000e+05
1.166510000000000000e+05
1.109110000000000000e+05
1.169920000000000000e+05
1.118010000000000000e+05
1.120350000000000000e+05
1.119500000000000000e+05
1.124900000000000000e+05
1.129470000000000000e+05
1.150290000000000000e+05
1.152800000000000000e+05
1.152480000000000000e+05
1.157430000000000000e+05
1.168720000000000000e+05
1.200320000000000000e+05
1.232840000000000000e+05
8.804200000000000000e+04
9.608800000000000000e+04
9.264400000000000000e+04
1.064760000000000000e+05
9.736100000000000000e+04
9.816300000000000000e+04
9.531300000000000000e+04
9.818600000000000000e+04
9.026600000000000000e+04
9.921000000000000000e+04
1.057220000000000000e+05
1.069820000000000000e+05
9.158800000000000000e+04
1.079180000000000000e+05
9.120800000000000000e+04
8.911600000000000000e+04
9.850900000000000000e+04
1.058410000000000000e+05
1.109890000000000000e+05
1.023550000000000000e+05
9.906800000000000000e+04
9.141700000000000000e+04
1.034300000000000000e+05
9.239600000000000000e+04
9.908800000000000000e+04
1.002600000000000000e+05
1.163150000000000000e+05
9.865400000000000000e+04
1.060320000000000000e+05
1.151670000000000000e+05
9.528700000000000000e+04
1.114350000000000000e+05
1.041320000000000000e+05
1.007320000000000000e+05
1.006070000000000000e+05
1.062570000000000000e+05
1.062880000000000000e+05
1.030280000000000000e+05
1.015760000000000000e+05
1.071930000000000000e+05
1.064590000000000000e+05
1.075260000000000000e+05
1.131080000000000000e+05
1.050630000000000000e+05
1.128040000000000000e+05
9.689100000000000000e+04
9.933400000000000000e+04
9.609200000000000000e+04
1.018120000000000000e+05
1.063470000000000000e+05
1.033660000000000000e+05
1.043370000000000000e+05
1.044840000000000000e+05
1.102560000000000000e+05
9.924400000000000000e+04
1.072890000000000000e+05
1.120090000000000000e+05
9.879800000000000000e+04
9.011500000000000000e+04
1.227760000000000000e+05
9.826500000000000000e+04
1.097980000000000000e+05
1.050480000000000000e+05
1.078900000000000000e+05
9.443400000000000000e+04
1.043730000000000000e+05
1.011140000000000000e+05
8.838400000000000000e+04
9.595000000000000000e+04
1.081460000000000000e+05
1.068890000000000000e+05
1.000450000000000000e+05
1.073260000000000000e+05
1.058970000000000000e+05
1.078510000000000000e+05
1.023200000000000000e+05
1.054940000000000000e+05
1.131400000000000000e+05
1.064090000000000000e+05
1.112380000000000000e+05
1.128320000000000000e+05
1.126070000000000000e+05
9.890700000000000000e+04
9.956200000000000000e+04
1.113930000000000000e+05
1.098970000000000000e+05
1.245190000000000000e+05
1.171490000000000000e+05
1.028630000000000000e+05
1.095020000000000000e+05
1.095500000000000000e+05
1.163420000000000000e+05
1.119170000000000000e+05
1.067000000000000000e+05
1.144360000000000000e+05
1.056030000000000000e+05
8.608300000000000000e+04
9.795600000000000000e+04
1.030120000000000000e+05
9.927200000000000000e+04
9.656300000000000000e+04
1.051050000000000000e+05
9.138800000000000000e+04
8.687800000000000000e+04
1.043080000000000000e+05
9.417200000000000000e+04
1.013430000000000000e+05
1.093670000000000000e+05
9.685300000000000000e+04
1.010060000000000000e+05
9.934400000000000000e+04
1.070150000000000000e+05
9.411300000000000000e+04
9.096900000000000000e+04
9.797400000000000000e+04
9.403500000000000000e+04
9.847200000000000000e+04
1.018950000000000000e+05
1.086210000000000000e+05
9.598000000000000000e+04
9.758800000000000000e+04
9.219700000000000000e+04
1.001340000000000000e+05
9.901300000000000000e+04
9.637100000000000000e+04
1.056440000000000000e+05
1.031740000000000000e+05
1.065000000000000000e+05
1.076960000000000000e+05
1.076880000000000000e+05
9.709300000000000000e+04
1.074670000000000000e+05
1.034560000000000000e+05
9.740800000000000000e+04
9.611200000000000000e+04
1.013660000000000000e+05
9.896400000000000000e+04
9.459600000000000000e+04
9.631700000000000000e+04
1.110680000000000000e+05
9.278500000000000000e+04
1.049230000000000000e+05
1.203880000000000000e+05
9.713900000000000000e+04
9.913000000000000000e+04
1.049320000000000000e+05
1.175550000000000000e+05
8.492900000000000000e+04
9.900600000000000000e+04
1.040160000000000000e+05
1.113740000000000000e+05
9.896900000000000000e+04
1.111960000000000000e+05
9.851200000000000000e+04
9.465400000000000000e+04
1.078160000000000000e+05
1.173880000000000000e+05
1.090180000000000000e+05
1.002840000000000000e+05
9.714300000000000000e+04
1.093410000000000000e+05
1.045030000000000000e+05
1.075190000000000000e+05
1.011240000000000000e+05
9.650800000000000000e+04
1.016920000000000000e+05
1.188270000000000000e+05
9.855200000000000000e+04
1.024010000000000000e+05
1.036550000000000000e+05
1.061580000000000000e+05
9.756300000000000000e+04
1.003380000000000000e+05
1.072020000000000000e+05
1.051290000000000000e+05
1.179700000000000000e+05
1.127160000000000000e+05
1.113150000000000000e+05
1.082080000000000000e+05
1.135280000000000000e+05
1.084620000000000000e+05
9.928000000000000000e+04
1.055870000000000000e+05
1.158630000000000000e+05
1.202310000000000000e+05
1.215130000000000000e+05
1.055330000000000000e+05
1.050070000000000000e+05
1.187720000000000000e+05
1.111560000000000000e+05
1.113730000000000000e+05
1.057120000000000000e+05
9.947900000000000000e+04
9.274800000000000000e+04
9.089500000000000000e+04
9.762400000000000000e+04
8.751100000000000000e+04
1.028920000000000000e+05
9.725100000000000000e+04
9.839800000000000000e+04
1.011660000000000000e+05
1.016180000000000000e+05
9.515400000000000000e+04
9.872200000000000000e+04
1.093860000000000000e+05
1.146300000000000000e+05
1.005330000000000000e+05
8.946300000000000000e+04
8.554900000000000000e+04
1.071570000000000000e+05
1.017750000000000000e+05
1.079180000000000000e+05
9.656200000000000000e+04
1.026180000000000000e+05
1.053350000000000000e+05
1.006360000000000000e+05
1.025290000000000000e+05
9.529600000000000000e+04
1.052860000000000000e+05
1.013160000000000000e+05
1.010800000000000000e+05
1.104770000000000000e+05
1.072160000000000000e+05
1.050460000000000000e+05
9.831200000000000000e+04
1.089250000000000000e+05
1.158360000000000000e+05
1.193440000000000000e+05
1.083860000000000000e+05
1.047120000000000000e+05
1.068160000000000000e+05
1.073220000000000000e+05
1.173330000000000000e+05
1.005240000000000000e+05
1.044530000000000000e+05
1.018820000000000000e+05
1.014420000000000000e+05
1.033480000000000000e+05
1.019660000000000000e+05
8.714000000000000000e+04
1.091250000000000000e+05
1.118450000000000000e+05
1.070180000000000000e+05
1.006700000000000000e+05
9.579200000000000000e+04
1.130770000000000000e+05
1.053500000000000000e+05
9.801100000000000000e+04
1.108440000000000000e+05
9.961300000000000000e+04
1.021430000000000000e+05
9.436600000000000000e+04
1.050220000000000000e+05
1.132630000000000000e+05
1.129390000000000000e+05
1.032130000000000000e+05
1.018420000000000000e+05
1.116120000000000000e+05
1.043000000000000000e+05
9.193100000000000000e+04
1.034320000000000000e+05
1.109220000000000000e+05
1.002910000000000000e+05
1.047900000000000000e+05
1.118300000000000000e+05
1.009870000000000000e+05
1.143560000000000000e+05
9.683300000000000000e+04
1.090010000000000000e+05
9.880500000000000000e+04
9.814700000000000000e+04
1.160220000000000000e+05
9.641600000000000000e+04
1.148810000000000000e+05
1.099800000000000000e+05
1.112790000000000000e+05
1.119800000000000000e+05
9.301900000000000000e+04
1.115880000000000000e+05
1.084200000000000000e+05
1.109920000000000000e+05
1.063820000000000000e+05
1.104940000000000000e+05
1.025700000000000000e+05
1.068160000000000000e+05
1.063020000000000000e+05
1.077500000000000000e+05
9.142000000000000000e+04
1.135030000000000000e+05
1.102070000000000000e+05
1.019290000000000000e+05
9.139800000000000000e+04
9.943400000000000000e+04
1.053510000000000000e+05
1.038160000000000000e+05
1.052220000000000000e+05
9.795600000000000000e+04
9.699900000000000000e+04
9.897400000000000000e+04
1.035680000000000000e+05
1.070860000000000000e+05
1.146900000000000000e+05
8.894300000000000000e+04
9.750000000000000000e+04
9.780400000000000000e+04
1.067370000000000000e+05
1.064890000000000000e+05
1.079540000000000000e+05
9.814600000000000000e+04
9.191900000000000000e+04
1.017560000000000000e+05
9.430600000000000000e+04
1.050910000000000000e+05
8.839500000000000000e+04
1.118940000000000000e+05
1.097460000000000000e+05
1.102600000000000000e+05
8.587300000000000000e+04
9.622900000000000000e+04
1.018430000000000000e+05
1.077950000000000000e+05
8.868400000000000000e+04
1.088620000000000000e+05
1.128710000000000000e+05
1.016560000000000000e+05
1.054270000000000000e+05
1.115500000000000000e+05
9.532700000000000000e+04
1.064180000000000000e+05
1.108930000000000000e+05
1.092470000000000000e+05
9.515700000000000000e+04
9.667300000000000000e+04
9.465500000000000000e+04
1.106560000000000000e+05
1.160080000000000000e+05
1.059040000000000000e+05
9.977300000000000000e+04
1.143780000000000000e+05
1.041620000000000000e+05
8.660100000000000000e+04
1.048820000000000000e+05
1.029460000000000000e+05
1.006940000000000000e+05
1.001830000000000000e+05
1.174000000000000000e+05
9.409500000000000000e+04
9.981600000000000000e+04
1.161500000000000000e+05
9.768700000000000000e+04
9.641800000000000000e+04
9.565600000000000000e+04
1.062720000000000000e+05
9.599600000000000000e+04
1.034370000000000000e+05
8.244400000000000000e+04
1.017580000000000000e+05
1.143090000000000000e+05
1.262640000000000000e+05
1.167980000000000000e+05
1.009450000000000000e+05
9.992200000000000000e+04
1.161400000000000000e+05
1.199520000000000000e+05
1.120850000000000000e+05
9.787600000000000000e+04
1.097300000000000000e+05
1.032190000000000000e+05
1.070070000000000000e+05
1.116860000000000000e+05
1.025380000000000000e+05
9.091700000000000000e+04
1.085720000000000000e+05
1.031400000000000000e+05
1.046900000000000000e+05
1.139770000000000000e+05
1.114920000000000000e+05
9.605100000000000000e+04
1.087500000000000000e+05
1.113460000000000000e+05
1.033920000000000000e+05
9.541500000000000000e+04
1.042680000000000000e+05
1.130100000000000000e+05
1.114760000000000000e+05
9.917100000000000000e+04
9.434700000000000000e+04
9.122600000000000000e+04
1.094560000000000000e+05
1.005750000000000000e+05
1.054680000000000000e+05
8.638700000000000000e+04
8.843000000000000000e+04
9.343300000000000000e+04
9.868300000000000000e+04
9.802300000000000000e+04
9.684800000000000000e+04
9.551900000000000000e+04
1.177650000000000000e+05
1.005820000000000000e+05
9.769200000000000000e+04
9.356700000000000000e+04
8.961300000000000000e+04
1.095740000000000000e+05
1.068800000000000000e+05
1.046620000000000000e+05
1.018220000000000000e+05
1.180020000000000000e+05
1.085930000000000000e+05
1.042170000000000000e+05
9.862800000000000000e+04
1.032360000000000000e+05
9.913500000000000000e+04
1.029290000000000000e+05
1.152400000000000000e+05
1.051080000000000000e+05
9.989400000000000000e+04
1.074700000000000000e+05
1.092930000000000000e+05
1.031710000000000000e+05
9.952900000000000000e+04
9.742900000000000000e+04
1.152400000000000000e+05
9.299500000000000000e+04
1.037080000000000000e+05
1.033590000000000000e+05
1.115380000000000000e+05
1.008950000000000000e+05
1.118170000000000000e+05
1.189020000000000000e+05
9.041400000000000000e+04
1.097980000000000000e+05
1.033000000000000000e+05
1.102180000000000000e+05
1.057710000000000000e+05
1.165320000000000000e+05
1.041310000000000000e+05
1.145800000000000000e+05
1.105510000000000000e+05
1.092110000000000000e+05
1.043360000000000000e+05
9.531900000000000000e+04
1.106850000000000000e+05
1.004390000000000000e+05
1.118740000000000000e+05
1.051840000000000000e+05
1.017000000000000000e+05
1.091510000000000000e+05
1.170020000000000000e+05
1.098230000000000000e+05
1.085670000000000000e+05
9.179600000000000000e+04
1.142000000000000000e+05
1.033160000000000000e+05
1.055280000000000000e+05
1.034470000000000000e+05
1.151760000000000000e+05
1.094280000000000000e+05
1.175500000000000000e+05
1.097290000000000000e+05
1.008180000000000000e+05
1.100570000000000000e+05
9.674800000000000000e+04
1.090220000000000000e+05
1.005910000000000000e+05
1.028160000000000000e+05
1.097290000000000000e+05
1.105820000000000000e+05
1.026920000000000000e+05
1.051700000000000000e+05
1.129020000000000000e+05
1.030760000000000000e+05
9.546500000000000000e+04
1.012320000000000000e+05
1.082010000000000000e+05
1.168990000000000000e+05
1.032340000000000000e+05
1.110790000000000000e+05
9.925900000000000000e+04
1.047120000000000000e+05
1.116160000000000000e+05
9.899000000000000000e+04
1.058040000000000000e+05
9.904600000000000000e+04
1.020230000000000000e+05
9.704400000000000000e+04
1.008680000000000000e+05
9.600600000000000000e+04
1.154660000000000000e+05
8.901000000000000000e+04
1.091440000000000000e+05
9.804400000000000000e+04
1.092990000000000000e+05
1.065690000000000000e+05
9.976900000000000000e+04
1.064780000000000000e+05
9.278400000000000000e+04
9.661900000000000000e+04
1.007760000000000000e+05
1.093040000000000000e+05
9.543400000000000000e+04
1.124660000000000000e+05
1.133170000000000000e+05
8.442400000000000000e+04
9.317000000000000000e+04
9.614400000000000000e+04
9.799900000000000000e+04
1.161110000000000000e+05
1.104440000000000000e+05
1.060840000000000000e+05
9.472700000000000000e+04
1.102270000000000000e+05
1.080480000000000000e+05
1.029550000000000000e+05
1.006120000000000000e+05
1.029640000000000000e+05
1.076730000000000000e+05
1.000180000000000000e+05
1.137620000000000000e+05
1.012970000000000000e+05
1.034670000000000000e+05
1.137010000000000000e+05
1.146380000000000000e+05
1.039100000000000000e+05
1.141410000000000000e+05
1.016640000000000000e+05
1.035770000000000000e+05
9.908900000000000000e+04
1.213320000000000000e+05
8.584600000000000000e+04
1.003480000000000000e+05
1.056470000000000000e+05
1.055190000000000000e+05
1.054290000000000000e+05
9.750400000000000000e+04
9.724900000000000000e+04
1.041460000000000000e+05
1.161080000000000000e+05
1.019880000000000000e+05
1.045960000000000000e+05
1.048770000000000000e+05
1.030120000000000000e+05
9.660900000000000000e+04
1.004920000000000000e+05
1.035780000000000000e+05
1.123250000000000000e+05
1.145780000000000000e+05
1.004200000000000000e+05
9.833000000000000000e+04
1.112820000000000000e+05
1.120030000000000000e+05
9.569300000000000000e+04
1.053300000000000000e+05
1.076540000000000000e+05
1.055840000000000000e+05
9.785300000000000000e+04
9.935200000000000000e+04
1.141940000000000000e+05
1.101430000000000000e+05
1.155250000000000000e+05
1.048480000000000000e+05
1.130230000000000000e+05
1.082850000000000000e+05
9.750200000000000000e+04
1.042340000000000000e+05
1.073360000000000000e+05
1.085520000000000000e+05
1.055940000000000000e+05
9.417000000000000000e+04
1.248320000000000000e+05
1.035200000000000000e+05
8.199900000000000000e+04
1.013220000000000000e+05
9.101400000000000000e+04
1.109200000000000000e+05
1.044380000000000000e+05
9.634000000000000000e+04
1.214880000000000000e+05
1.094900000000000000e+05
1.014880000000000000e+05
1.191580000000000000e+05
1.138070000000000000e+05
9.778800000000000000e+04
1.045990000000000000e+05
1.018270000000000000e+05
1.038980000000000000e+05
1.185370000000000000e+05
1.037400000000000000e+05
9.979100000000000000e+04
1.092410000000000000e+05
9.895700000000000000e+04
1.056530000000000000e+05
1.043830000000000000e+05
1.008480000000000000e+05
9.075000000000000000e+04
1.001300000000000000e+05
9.534200000000000000e+04
1.013300000000000000e+05
9.713100000000000000e+04
1.055910000000000000e+05
1.054620000000000000e+05
9.958400000000000000e+04
1.071880000000000000e+05
1.098270000000000000e+05
8.920900000000000000e+04
1.036050000000000000e+05
8.826700000000000000e+04
1.092000000000000000e+05
9.876000000000000000e+04
1.068510000000000000e+05
9.682800000000000000e+04
1.160250000000000000e+05
1.037810000000000000e+05
1.113240000000000000e+05
1.033260000000000000e+05
9.838900000000000000e+04
1.010130000000000000e+05
1.096900000000000000e+05
1.057550000000000000e+05
9.900500000000000000e+04
9.798900000000000000e+04
1.068120000000000000e+05
1.064530000000000000e+05
1.164830000000000000e+05
9.195600000000000000e+04
1.070680000000000000e+05
1.032900000000000000e+05
1.015260000000000000e+05
9.717000000000000000e+04
9.733700000000000000e+04
1.083950000000000000e+05
1.051480000000000000e+05
9.579200000000000000e+04
9.958500000000000000e+04
1.132310000000000000e+05
9.700200000000000000e+04
1.099890000000000000e+05
1.077280000000000000e+05
1.015980000000000000e+05
1.001790000000000000e+05
9.498100000000000000e+04
1.126120000000000000e+05
1.027840000000000000e+05
1.057380000000000000e+05
9.655900000000000000e+04
1.056220000000000000e+05
1.037060000000000000e+05
9.486100000000000000e+04
9.656000000000000000e+04
1.017920000000000000e+05
9.764200000000000000e+04
1.087950000000000000e+05
1.108530000000000000e+05
1.073470000000000000e+05
1.065420000000000000e+05
1.138640000000000000e+05
1.000130000000000000e+05
9.693400000000000000e+04
1.012040000000000000e+05
9.695700000000000000e+04
9.712900000000000000e+04
1.080820000000000000e+05
1.026870000000000000e+05
1.064610000000000000e+05
1.013880000000000000e+05
9.151100000000000000e+04
9.938100000000000000e+04
1.079430000000000000e+05
1.079550000000000000e+05
1.078660000000000000e+05
1.183110000000000000e+05
1.038370000000000000e+05
1.149700000000000000e+05
1.022180000000000000e+05
1.145930000000000000e+05
1.040180000000000000e+05
1.007250000000000000e+05
9.461200000000000000e+04
9.827200000000000000e+04
1.044330000000000000e+05
8.971300000000000000e+04
1.080260000000000000e+05
9.261900000000000000e+04
1.142110000000000000e+05
1.030950000000000000e+05
1.127760000000000000e+05
1.082220000000000000e+05
1.037980000000000000e+05
9.895600000000000000e+04
1.184610000000000000e+05
1.166570000000000000e+05
1.156670000000000000e+05
1.166450000000000000e+05
1.085870000000000000e+05
1.157420000000000000e+05
9.745300000000000000e+04
1.089570000000000000e+05
1.031720000000000000e+05
9.441900000000000000e+04
9.798400000000000000e+04
1.215960000000000000e+05
1.090770000000000000e+05
1.005240000000000000e+05
1.057850000000000000e+05
9.818800000000000000e+04
9.801500000000000000e+04
1.132890000000000000e+05
1.076570000000000000e+05
1.150380000000000000e+05
9.445500000000000000e+04
9.732400000000000000e+04
1.031940000000000000e+05
1.065490000000000000e+05
9.872000000000000000e+04
1.040680000000000000e+05
1.134200000000000000e+05
1.046270000000000000e+05
1.062480000000000000e+05
9.857400000000000000e+04
1.062170000000000000e+05
9.955600000000000000e+04
1.016840000000000000e+05
9.754700000000000000e+04
1.023130000000000000e+05
1.043280000000000000e+05
1.037460000000000000e+05
1.028180000000000000e+05
9.872800000000000000e+04
1.025610000000000000e+05
1.074610000000000000e+05
1.106250000000000000e+05
1.058420000000000000e+05
1.067480000000000000e+05
1.011380000000000000e+05
1.116200000000000000e+05
9.687800000000000000e+04
1.114240000000000000e+05
9.843000000000000000e+04
1.093960000000000000e+05
9.158900000000000000e+04
1.103960000000000000e+05
1.056970000000000000e+05
1.050790000000000000e+05
1.061380000000000000e+05
1.005800000000000000e+05
8.873800000000000000e+04
1.130910000000000000e+05
9.146300000000000000e+04
1.177830000000000000e+05
1.055750000000000000e+05
1.018240000000000000e+05
1.008310000000000000e+05
1.084410000000000000e+05
1.090350000000000000e+05
1.100670000000000000e+05
9.453100000000000000e+04
1.028720000000000000e+05
1.053170000000000000e+05
1.057900000000000000e+05
9.779400000000000000e+04
1.121070000000000000e+05
1.090780000000000000e+05
9.723400000000000000e+04
1.129210000000000000e+05
1.112610000000000000e+05
9.996500000000000000e+04
1.034620000000000000e+05
1.035520000000000000e+05
1.174030000000000000e+05
1.200590000000000000e+05
1.001030000000000000e+05
9.922000000000000000e+04
1.069350000000000000e+05
1.018320000000000000e+05
1.045780000000000000e+05
1.121300000000000000e+05
1.087720000000000000e+05
1.110070000000000000e+05
1.008580000000000000e+05
1.028290000000000000e+05
9.879800000000000000e+04
1.050680000000000000e+05
9.755600000000000000e+04
9.844500000000000000e+04
1.060180000000000000e+05
1.107540000000000000e+05
1.182110000000000000e+05
1.088300000000000000e+05
1.142230000000000000e+05
1.199930000000000000e+05
1.045390000000000000e+05
1.036980000000000000e+05
1.127680000000000000e+05
1.015500000000000000e+05
1.036880000000000000e+05
9.876100000000000000e+04
1.109840000000000000e+05
1.012140000000000000e+05
1.166000000000000000e+05
1.190880000000000000e+05
1.061510000000000000e+05
1.010630000000000000e+05
1.032350000000000000e+05
1.130190000000000000e+05
1.095930000000000000e+05
1.148120000000000000e+05
1.018870000000000000e+05
1.016930000000000000e+05
9.843200000000000000e+04
1.163400000000000000e+05
1.178100000000000000e+05
1.015760000000000000e+05
1.102770000000000000e+05
1.053450000000000000e+05
1.049710000000000000e+05
9.914800000000000000e+04
9.471000000000000000e+04
9.794700000000000000e+04
9.960800000000000000e+04
9.615100000000000000e+04
1.005640000000000000e+05
9.937400000000000000e+04
9.498200000000000000e+04
1.012280000000000000e+05
1.005870000000000000e+05
1.018000000000000000e+05
9.159800000000000000e+04
9.966500000000000000e+04
9.746800000000000000e+04
1.082580000000000000e+05
1.187570000000000000e+05
9.755100000000000000e+04
1.073460000000000000e+05
1.026320000000000000e+05
1.011340000000000000e+05
1.150580000000000000e+05
1.077420000000000000e+05
1.031970000000000000e+05
9.399100000000000000e+04
9.374100000000000000e+04
9.115600000000000000e+04
9.876600000000000000e+04
1.006080000000000000e+05
1.085580000000000000e+05
1.198090000000000000e+05
1.048820000000000000e+05
1.093340000000000000e+05
1.009320000000000000e+05
1.126250000000000000e+05
1.157290000000000000e+05
1.016240000000000000e+05
9.840400000000000000e+04
9.576400000000000000e+04
1.164320000000000000e+05
1.047720000000000000e+05
1.228100000000000000e+05
1.166710000000000000e+05
1.011820000000000000e+05
9.398200000000000000e+04
1.208200000000000000e+05
1.043370000000000000e+05
9.824400000000000000e+04
9.470700000000000000e+04
1.014880000000000000e+05
1.094760000000000000e+05
9.231700000000000000e+04
1.028460000000000000e+05
1.115880000000000000e+05
9.835200000000000000e+04
1.016870000000000000e+05
9.609100000000000000e+04
1.008540000000000000e+05
1.000270000000000000e+05
9.372500000000000000e+04
1.002190000000000000e+05
1.185380000000000000e+05
9.851800000000000000e+04
1.061430000000000000e+05
1.077900000000000000e+05
1.024020000000000000e+05
9.709400000000000000e+04
1.032950000000000000e+05
1.101600000000000000e+05
9.198400000000000000e+04
9.864800000000000000e+04
1.061110000000000000e+05
1.042600000000000000e+05
1.010040000000000000e+05
1.056490000000000000e+05
1.193380000000000000e+05
9.911300000000000000e+04
1.000980000000000000e+05
1.183730000000000000e+05
1.075640000000000000e+05
1.125550000000000000e+05
1.100840000000000000e+05
9.819100000000000000e+04
1.074450000000000000e+05
1.033350000000000000e+05
1.060070000000000000e+05
1.112110000000000000e+05
9.085600000000000000e+04
1.091730000000000000e+05
1.133030000000000000e+05
