7.055700000000000000e+04
6.773700000000000000e+04
6.342200000000000000e+04
6.973900000000000000e+04
6.821900000000000000e+04
4.981300000000000000e+04
4.653300000000000000e+04
6.482000000000000000e+04
5.283600000000000000e+04
8.203000000000000000e+04
5.998100000000000000e+04
6.484600000000000000e+04
6.479800000000000000e+04
6.880800000000000000e+04
7.853400000000000000e+04
5.885000000000000000e+04
5.794800000000000000e+04
5.220600000000000000e+04
6.061600000000000000e+04
7.977600000000000000e+04
6.957600000000000000e+04
6.096300000000000000e+04
8.702800000000000000e+04
5.764700000000000000e+04
7.087300000000000000e+04
6.433200000000000000e+04
6.574200000000000000e+04
5.478900000000000000e+04
6.991900000000000000e+04
7.860000000000000000e+04
6.015100000000000000e+04
7.369300000000000000e+04
6.916000000000000000e+04
6.938700000000000000e+04
5.811900000000000000e+04
7.109600000000000000e+04
5.398500000000000000e+04
6.710000000000000000e+04
7.791900000000000000e+04
7.610800000000000000e+04
7.518600000000000000e+04
6.497000000000000000e+04
6.751400000000000000e+04
6.541200000000000000e+04
7.433900000000000000e+04
8.778600000000000000e+04
7.014200000000000000e+04
7.646700000000000000e+04
7.628400000000000000e+04
6.990200000000000000e+04
6.918600000000000000e+04
5.801900000000000000e+04
6.314300000000000000e+04
6.563500000000000000e+04
7.610200000000000000e+04
7.360700000000000000e+04
6.609700000000000000e+04
4.513400000000000000e+04
7.272500000000000000e+04
8.643800000000000000e+04
7.465100000000000000e+04
8.346100000000000000e+04
5.748400000000000000e+04
9.340100000000000000e+04
7.048300000000000000e+04
7.103300000000000000e+04
7.929200000000000000e+04
6.976700000000000000e+04
7.393200000000000000e+04
7.950900000000000000e+04
9.196100000000000000e+04
7.203400000000000000e+04
6.916400000000000000e+04
8.473700000000000000e+04
5.975000000000000000e+04
7.515100000000000000e+04
7.187900000000000000e+04
7.161500000000000000e+04
6.464400000000000000e+04
7.604400000000000000e+04
7.125100000000000000e+04
7.323300000000000000e+04
7.474700000000000000e+04
8.260200000000000000e+04
6.868500000000000000e+04
8.725100000000000000e+04
7.979800000000000000e+04
5.423100000000000000e+04
7.842400000000000000e+04
4.595400000000000000e+04
6.910600000000000000e+04
8.530600000000000000e+04
9.261100000000000000e+04
5.872700000000000000e+04
6.549400000000000000e+04
6.007700000000000000e+04
5.223000000000000000e+04
4.593700000000000000e+04
5.996500000000000000e+04
5.481600000000000000e+04
6.945100000000000000e+04
7.261600000000000000e+04
9.035500000000000000e+04
5.309800000000000000e+04
6.375000000000000000e+04
7.705700000000000000e+04
1.106480000000000000e+05
6.091800000000000000e+04
6.428400000000000000e+04
4.930300000000000000e+04
5.930200000000000000e+04
6.780200000000000000e+04
6.001200000000000000e+04
6.438000000000000000e+04
6.326800000000000000e+04
6.687200000000000000e+04
4.730300000000000000e+04
8.595500000000000000e+04
6.218900000000000000e+04
7.166700000000000000e+04
6.462400000000000000e+04
7.629400000000000000e+04
6.525300000000000000e+04
7.827800000000000000e+04
1.018930000000000000e+05
7.421200000000000000e+04
8.493700000000000000e+04
6.337200000000000000e+04
5.873100000000000000e+04
9.211400000000000000e+04
4.972200000000000000e+04
7.137200000000000000e+04
9.914500000000000000e+04
6.451700000000000000e+04
7.315200000000000000e+04
5.151700000000000000e+04
5.571900000000000000e+04
7.055800000000000000e+04
9.093900000000000000e+04
7.769100000000000000e+04
6.126200000000000000e+04
6.270700000000000000e+04
7.564400000000000000e+04
6.580800000000000000e+04
7.108100000000000000e+04
7.122200000000000000e+04
5.285700000000000000e+04
6.297900000000000000e+04
8.975300000000000000e+04
7.232800000000000000e+04
6.513800000000000000e+04
7.222800000000000000e+04
7.267600000000000000e+04
6.858600000000000000e+04
6.248100000000000000e+04
9.507600000000000000e+04
7.298600000000000000e+04
5.862100000000000000e+04
5.551100000000000000e+04
7.909900000000000000e+04
6.444100000000000000e+04
7.424100000000000000e+04
5.861100000000000000e+04
5.851600000000000000e+04
6.158900000000000000e+04
6.681500000000000000e+04
5.399600000000000000e+04
8.051200000000000000e+04
6.451800000000000000e+04
8.496400000000000000e+04
6.709400000000000000e+04
8.551000000000000000e+04
6.890000000000000000e+04
6.965400000000000000e+04
5.526300000000000000e+04
6.803700000000000000e+04
7.040100000000000000e+04
6.925000000000000000e+04
7.184000000000000000e+04
7.567700000000000000e+04
8.204200000000000000e+04
7.257000000000000000e+04
3.650700000000000000e+04
5.816200000000000000e+04
5.528000000000000000e+04
6.914900000000000000e+04
8.203800000000000000e+04
6.076300000000000000e+04
4.905300000000000000e+04
7.641700000000000000e+04
6.153700000000000000e+04
7.269200000000000000e+04
4.995300000000000000e+04
8.073800000000000000e+04
6.943100000000000000e+04
8.778300000000000000e+04
6.881700000000000000e+04
7.003100000000000000e+04
8.486300000000000000e+04
9.304000000000000000e+04
6.412700000000000000e+04
6.984400000000000000e+04
6.232400000000000000e+04
1.074250000000000000e+05
6.531500000000000000e+04
9.381800000000000000e+04
8.870400000000000000e+04
7.601700000000000000e+04
6.670400000000000000e+04
7.750900000000000000e+04
8.268900000000000000e+04
6.871800000000000000e+04
8.562300000000000000e+04
8.536300000000000000e+04
6.050700000000000000e+04
8.962900000000000000e+04
6.278400000000000000e+04
7.208000000000000000e+04
7.696700000000000000e+04
6.934300000000000000e+04
7.528300000000000000e+04
5.546700000000000000e+04
5.627100000000000000e+04
6.959300000000000000e+04
4.904100000000000000e+04
8.147600000000000000e+04
6.050000000000000000e+04
6.629900000000000000e+04
8.410700000000000000e+04
7.195100000000000000e+04
9.331200000000000000e+04
7.092200000000000000e+04
6.337100000000000000e+04
7.119000000000000000e+04
5.964500000000000000e+04
8.516200000000000000e+04
8.801300000000000000e+04
6.984800000000000000e+04
7.827400000000000000e+04
7.503300000000000000e+04
7.568200000000000000e+04
5.345200000000000000e+04
9.697300000000000000e+04
6.183000000000000000e+04
6.350800000000000000e+04
5.859100000000000000e+04
8.512400000000000000e+04
8.467000000000000000e+04
7.219600000000000000e+04
9.337200000000000000e+04
5.394600000000000000e+04
7.963700000000000000e+04
5.699500000000000000e+04
7.105100000000000000e+04
6.712700000000000000e+04
6.700200000000000000e+04
6.872200000000000000e+04
6.212100000000000000e+04
8.940400000000000000e+04
6.969400000000000000e+04
7.822300000000000000e+04
7.558500000000000000e+04
6.982000000000000000e+04
7.606100000000000000e+04
5.269700000000000000e+04
7.345700000000000000e+04
6.577500000000000000e+04
5.988900000000000000e+04
7.121300000000000000e+04
7.034400000000000000e+04
7.747600000000000000e+04
7.081700000000000000e+04
5.595200000000000000e+04
7.195000000000000000e+04
7.235200000000000000e+04
4.666100000000000000e+04
5.410500000000000000e+04
7.006300000000000000e+04
8.031800000000000000e+04
5.479900000000000000e+04
5.909200000000000000e+04
5.581000000000000000e+04
7.692300000000000000e+04
7.249700000000000000e+04
5.519700000000000000e+04
5.289800000000000000e+04
8.040600000000000000e+04
6.072900000000000000e+04
6.803700000000000000e+04
7.315300000000000000e+04
7.489100000000000000e+04
6.295400000000000000e+04
5.057300000000000000e+04
7.128000000000000000e+04
7.434400000000000000e+04
5.572600000000000000e+04
6.116200000000000000e+04
7.603700000000000000e+04
6.907300000000000000e+04
7.601500000000000000e+04
7.331100000000000000e+04
7.667100000000000000e+04
7.189700000000000000e+04
9.097600000000000000e+04
6.953400000000000000e+04
4.963600000000000000e+04
6.579400000000000000e+04
9.326300000000000000e+04
6.529600000000000000e+04
7.427900000000000000e+04
8.149100000000000000e+04
8.074000000000000000e+04
7.167100000000000000e+04
6.165500000000000000e+04
7.157800000000000000e+04
6.338000000000000000e+04
8.135300000000000000e+04
7.531800000000000000e+04
5.490300000000000000e+04
5.768900000000000000e+04
7.231300000000000000e+04
7.381300000000000000e+04
6.423200000000000000e+04
6.419300000000000000e+04
8.452700000000000000e+04
7.025400000000000000e+04
6.250800000000000000e+04
6.714600000000000000e+04
5.671700000000000000e+04
5.457600000000000000e+04
7.423200000000000000e+04
5.037200000000000000e+04
7.727500000000000000e+04
5.025900000000000000e+04
7.242500000000000000e+04
5.809700000000000000e+04
8.933600000000000000e+04
8.725500000000000000e+04
5.466500000000000000e+04
6.702200000000000000e+04
6.643200000000000000e+04
6.129100000000000000e+04
6.341200000000000000e+04
1.046730000000000000e+05
5.601000000000000000e+04
6.224300000000000000e+04
7.212700000000000000e+04
8.241900000000000000e+04
7.048100000000000000e+04
1.021420000000000000e+05
6.022300000000000000e+04
7.218800000000000000e+04
8.237900000000000000e+04
6.064900000000000000e+04
8.047300000000000000e+04
9.402000000000000000e+04
8.084100000000000000e+04
8.740800000000000000e+04
7.930700000000000000e+04
7.147200000000000000e+04
6.404500000000000000e+04
6.862000000000000000e+04
6.137700000000000000e+04
8.154100000000000000e+04
3.942900000000000000e+04
7.032300000000000000e+04
8.759400000000000000e+04
8.554400000000000000e+04
6.414400000000000000e+04
5.793500000000000000e+04
8.651100000000000000e+04
6.291800000000000000e+04
6.406500000000000000e+04
8.942400000000000000e+04
6.269800000000000000e+04
7.611700000000000000e+04
6.433800000000000000e+04
7.962800000000000000e+04
4.684900000000000000e+04
7.154500000000000000e+04
6.239700000000000000e+04
5.833800000000000000e+04
7.166200000000000000e+04
6.988700000000000000e+04
8.777800000000000000e+04
6.659000000000000000e+04
6.964500000000000000e+04
5.687500000000000000e+04
6.074000000000000000e+04
4.888400000000000000e+04
7.468100000000000000e+04
7.006700000000000000e+04
7.290100000000000000e+04
6.594000000000000000e+04
9.530500000000000000e+04
5.585800000000000000e+04
6.237800000000000000e+04
6.443400000000000000e+04
9.031800000000000000e+04
5.540000000000000000e+04
8.790000000000000000e+04
7.445300000000000000e+04
5.144100000000000000e+04
5.945000000000000000e+04
8.047100000000000000e+04
7.117400000000000000e+04
9.723000000000000000e+04
7.923300000000000000e+04
7.500100000000000000e+04
8.501900000000000000e+04
1.200960000000000000e+05
6.203000000000000000e+04
7.282100000000000000e+04
7.765800000000000000e+04
6.464900000000000000e+04
6.910900000000000000e+04
7.708500000000000000e+04
7.760800000000000000e+04
7.087800000000000000e+04
8.739400000000000000e+04
5.726200000000000000e+04
7.188900000000000000e+04
5.762000000000000000e+04
7.475200000000000000e+04
8.896200000000000000e+04
8.387400000000000000e+04
6.772400000000000000e+04
6.137800000000000000e+04
8.753600000000000000e+04
1.005890000000000000e+05
8.090100000000000000e+04
6.501900000000000000e+04
8.762100000000000000e+04
5.988200000000000000e+04
5.182100000000000000e+04
5.912300000000000000e+04
9.844900000000000000e+04
7.403400000000000000e+04
5.378500000000000000e+04
7.509900000000000000e+04
4.385200000000000000e+04
4.750400000000000000e+04
6.540600000000000000e+04
7.333300000000000000e+04
7.770300000000000000e+04
5.872600000000000000e+04
6.242100000000000000e+04
5.812800000000000000e+04
7.186200000000000000e+04
4.409600000000000000e+04
8.141700000000000000e+04
5.579600000000000000e+04
5.900500000000000000e+04
8.270800000000000000e+04
6.308100000000000000e+04
7.167700000000000000e+04
7.852000000000000000e+04
6.423300000000000000e+04
7.976700000000000000e+04
6.549900000000000000e+04
7.078600000000000000e+04
8.083000000000000000e+04
7.093600000000000000e+04
7.474200000000000000e+04
5.634800000000000000e+04
5.092300000000000000e+04
8.229400000000000000e+04
6.369000000000000000e+04
6.357400000000000000e+04
4.629100000000000000e+04
5.144700000000000000e+04
1.125440000000000000e+05
1.130970000000000000e+05
5.425400000000000000e+04
7.037100000000000000e+04
7.269700000000000000e+04
7.285100000000000000e+04
7.716600000000000000e+04
7.585800000000000000e+04
7.192200000000000000e+04
6.039600000000000000e+04
5.322900000000000000e+04
8.047000000000000000e+04
7.269200000000000000e+04
7.178300000000000000e+04
8.652000000000000000e+04
8.910300000000000000e+04
7.842100000000000000e+04
5.732400000000000000e+04
5.341700000000000000e+04
7.109000000000000000e+04
8.560600000000000000e+04
6.680600000000000000e+04
6.276900000000000000e+04
7.115100000000000000e+04
7.514500000000000000e+04
7.173700000000000000e+04
6.303500000000000000e+04
7.536600000000000000e+04
7.339900000000000000e+04
6.369300000000000000e+04
5.735500000000000000e+04
6.901500000000000000e+04
9.274400000000000000e+04
7.566100000000000000e+04
6.867800000000000000e+04
6.796500000000000000e+04
8.753000000000000000e+04
5.016200000000000000e+04
4.846500000000000000e+04
9.308200000000000000e+04
6.969600000000000000e+04
7.613000000000000000e+04
7.579600000000000000e+04
5.418600000000000000e+04
6.189300000000000000e+04
6.055900000000000000e+04
6.261100000000000000e+04
7.499200000000000000e+04
7.248500000000000000e+04
6.987800000000000000e+04
8.622100000000000000e+04
8.128700000000000000e+04
6.098500000000000000e+04
6.671200000000000000e+04
8.535600000000000000e+04
4.638000000000000000e+04
8.749600000000000000e+04
9.164400000000000000e+04
8.658100000000000000e+04
6.710300000000000000e+04
6.168000000000000000e+04
8.645400000000000000e+04
6.555800000000000000e+04
6.639900000000000000e+04
5.567400000000000000e+04
6.538000000000000000e+04
5.915900000000000000e+04
6.423600000000000000e+04
8.426900000000000000e+04
7.304000000000000000e+04
7.247000000000000000e+04
6.384500000000000000e+04
5.742300000000000000e+04
7.999100000000000000e+04
7.038600000000000000e+04
7.377000000000000000e+04
7.500400000000000000e+04
6.249300000000000000e+04
6.681300000000000000e+04
5.251900000000000000e+04
7.650400000000000000e+04
4.497500000000000000e+04
6.153900000000000000e+04
6.663400000000000000e+04
6.507200000000000000e+04
7.396000000000000000e+04
6.308100000000000000e+04
4.997500000000000000e+04
8.386200000000000000e+04
4.745500000000000000e+04
6.832100000000000000e+04
8.212500000000000000e+04
7.559700000000000000e+04
6.924700000000000000e+04
8.534400000000000000e+04
7.365300000000000000e+04
8.084500000000000000e+04
8.875000000000000000e+04
6.881100000000000000e+04
8.267300000000000000e+04
6.421300000000000000e+04
6.786900000000000000e+04
6.921600000000000000e+04
6.378100000000000000e+04
7.950600000000000000e+04
5.673100000000000000e+04
5.646900000000000000e+04
5.052900000000000000e+04
5.896700000000000000e+04
6.171700000000000000e+04
6.771200000000000000e+04
6.163300000000000000e+04
5.323100000000000000e+04
5.017100000000000000e+04
9.316500000000000000e+04
5.810700000000000000e+04
7.629100000000000000e+04
8.272200000000000000e+04
6.380000000000000000e+04
5.475400000000000000e+04
8.218000000000000000e+04
6.366500000000000000e+04
6.208100000000000000e+04
5.502800000000000000e+04
9.179700000000000000e+04
6.525200000000000000e+04
6.943700000000000000e+04
8.615600000000000000e+04
6.299800000000000000e+04
5.053800000000000000e+04
5.803500000000000000e+04
7.259100000000000000e+04
5.203600000000000000e+04
6.623000000000000000e+04
7.893300000000000000e+04
1.029860000000000000e+05
6.466200000000000000e+04
8.047600000000000000e+04
7.929200000000000000e+04
5.000800000000000000e+04
6.124000000000000000e+04
7.653700000000000000e+04
8.327100000000000000e+04
6.800600000000000000e+04
7.113100000000000000e+04
9.204500000000000000e+04
6.741500000000000000e+04
7.623400000000000000e+04
7.413200000000000000e+04
7.265200000000000000e+04
6.970300000000000000e+04
7.676900000000000000e+04
5.312500000000000000e+04
5.585400000000000000e+04
9.217700000000000000e+04
6.291200000000000000e+04
7.474300000000000000e+04
6.281200000000000000e+04
6.399600000000000000e+04
6.871000000000000000e+04
8.890900000000000000e+04
1.117110000000000000e+05
7.492100000000000000e+04
7.707300000000000000e+04
7.556500000000000000e+04
8.658900000000000000e+04
7.458000000000000000e+04
7.307700000000000000e+04
8.661500000000000000e+04
6.284200000000000000e+04
5.240800000000000000e+04
5.648800000000000000e+04
7.292400000000000000e+04
7.960800000000000000e+04
6.093400000000000000e+04
6.017100000000000000e+04
7.581000000000000000e+04
7.078500000000000000e+04
6.427700000000000000e+04
1.115390000000000000e+05
6.211300000000000000e+04
5.209600000000000000e+04
6.702700000000000000e+04
9.892600000000000000e+04
8.282400000000000000e+04
5.083000000000000000e+04
7.483500000000000000e+04
6.783200000000000000e+04
7.055800000000000000e+04
6.332700000000000000e+04
9.098100000000000000e+04
7.499300000000000000e+04
5.501400000000000000e+04
7.575800000000000000e+04
7.786800000000000000e+04
6.807500000000000000e+04
7.924200000000000000e+04
6.432400000000000000e+04
9.501200000000000000e+04
8.604600000000000000e+04
4.015600000000000000e+04
6.929600000000000000e+04
8.332300000000000000e+04
6.376300000000000000e+04
6.449400000000000000e+04
8.602000000000000000e+04
6.263900000000000000e+04
6.439600000000000000e+04
9.163000000000000000e+04
7.301700000000000000e+04
7.215000000000000000e+04
8.271900000000000000e+04
7.683500000000000000e+04
6.631700000000000000e+04
6.075200000000000000e+04
6.256900000000000000e+04
5.983300000000000000e+04
6.447200000000000000e+04
8.476100000000000000e+04
6.261700000000000000e+04
9.337000000000000000e+04
7.904800000000000000e+04
7.215000000000000000e+04
5.470100000000000000e+04
8.966200000000000000e+04
7.615000000000000000e+04
6.287100000000000000e+04
5.427300000000000000e+04
6.651400000000000000e+04
7.567800000000000000e+04
6.162800000000000000e+04
6.640300000000000000e+04
5.461100000000000000e+04
5.954500000000000000e+04
8.657800000000000000e+04
6.074900000000000000e+04
6.134400000000000000e+04
6.174600000000000000e+04
5.832600000000000000e+04
5.775600000000000000e+04
5.353300000000000000e+04
6.090300000000000000e+04
6.394100000000000000e+04
7.182700000000000000e+04
7.537000000000000000e+04
4.498200000000000000e+04
6.216400000000000000e+04
6.724500000000000000e+04
5.919100000000000000e+04
6.530500000000000000e+04
8.537900000000000000e+04
6.371900000000000000e+04
7.227600000000000000e+04
6.244800000000000000e+04
6.871100000000000000e+04
6.743700000000000000e+04
7.724200000000000000e+04
7.500400000000000000e+04
6.724400000000000000e+04
1.015930000000000000e+05
8.114100000000000000e+04
6.818000000000000000e+04
9.018400000000000000e+04
6.881200000000000000e+04
7.920300000000000000e+04
6.651300000000000000e+04
8.349800000000000000e+04
4.884200000000000000e+04
6.883500000000000000e+04
8.737700000000000000e+04
8.768200000000000000e+04
7.137800000000000000e+04
6.307200000000000000e+04
7.534600000000000000e+04
7.196900000000000000e+04
6.887400000000000000e+04
7.780100000000000000e+04
5.554800000000000000e+04
8.433800000000000000e+04
6.646200000000000000e+04
6.790400000000000000e+04
6.773800000000000000e+04
7.219100000000000000e+04
8.428000000000000000e+04
5.549700000000000000e+04
7.091900000000000000e+04
6.556600000000000000e+04
6.770300000000000000e+04
6.179600000000000000e+04
5.922500000000000000e+04
8.885500000000000000e+04
6.493700000000000000e+04
5.744000000000000000e+04
1.243150000000000000e+05
8.593000000000000000e+04
6.955400000000000000e+04
6.687100000000000000e+04
5.499200000000000000e+04
8.121100000000000000e+04
5.528000000000000000e+04
5.989700000000000000e+04
8.749000000000000000e+04
8.483400000000000000e+04
5.948800000000000000e+04
5.172600000000000000e+04
9.169200000000000000e+04
7.886700000000000000e+04
5.634300000000000000e+04
1.017650000000000000e+05
8.281900000000000000e+04
9.102500000000000000e+04
6.520800000000000000e+04
6.003000000000000000e+04
6.888100000000000000e+04
9.653400000000000000e+04
7.974600000000000000e+04
8.119800000000000000e+04
8.249900000000000000e+04
5.872300000000000000e+04
5.470700000000000000e+04
7.610600000000000000e+04
7.663000000000000000e+04
7.367900000000000000e+04
1.075480000000000000e+05
7.722700000000000000e+04
8.709600000000000000e+04
7.101600000000000000e+04
6.843300000000000000e+04
6.913300000000000000e+04
9.075000000000000000e+04
5.971700000000000000e+04
6.562400000000000000e+04
9.636100000000000000e+04
7.097600000000000000e+04
6.142400000000000000e+04
6.844100000000000000e+04
6.450400000000000000e+04
6.647600000000000000e+04
8.000200000000000000e+04
5.921000000000000000e+04
6.053000000000000000e+04
8.501800000000000000e+04
6.328500000000000000e+04
6.298500000000000000e+04
7.009700000000000000e+04
7.689200000000000000e+04
7.351400000000000000e+04
8.908700000000000000e+04
7.488900000000000000e+04
9.010200000000000000e+04
7.806700000000000000e+04
9.123900000000000000e+04
8.197300000000000000e+04
6.032000000000000000e+04
8.833900000000000000e+04
4.208200000000000000e+04
6.738500000000000000e+04
7.231700000000000000e+04
5.485400000000000000e+04
7.548900000000000000e+04
6.261300000000000000e+04
6.730100000000000000e+04
6.893300000000000000e+04
7.367800000000000000e+04
7.157300000000000000e+04
6.723100000000000000e+04
7.933700000000000000e+04
7.589900000000000000e+04
6.110800000000000000e+04
7.694500000000000000e+04
8.255300000000000000e+04
7.059700000000000000e+04
1.037820000000000000e+05
7.147600000000000000e+04
7.141600000000000000e+04
8.178300000000000000e+04
6.743500000000000000e+04
5.436300000000000000e+04
9.846800000000000000e+04
3.666700000000000000e+04
4.753000000000000000e+04
6.629700000000000000e+04
7.036100000000000000e+04
9.513500000000000000e+04
6.557200000000000000e+04
7.573100000000000000e+04
9.699500000000000000e+04
7.624800000000000000e+04
6.355100000000000000e+04
5.573500000000000000e+04
8.928500000000000000e+04
5.651300000000000000e+04
5.545700000000000000e+04
5.639100000000000000e+04
7.400200000000000000e+04
1.158910000000000000e+05
5.301400000000000000e+04
9.487500000000000000e+04
5.688600000000000000e+04
8.361000000000000000e+04
5.350300000000000000e+04
1.008780000000000000e+05
6.949000000000000000e+04
7.112300000000000000e+04
7.612000000000000000e+04
5.489500000000000000e+04
5.156700000000000000e+04
6.328700000000000000e+04
5.953400000000000000e+04
8.021400000000000000e+04
6.649500000000000000e+04
8.882400000000000000e+04
6.743000000000000000e+04
7.648700000000000000e+04
7.211700000000000000e+04
8.459200000000000000e+04
6.020400000000000000e+04
8.310800000000000000e+04
7.644300000000000000e+04
6.820500000000000000e+04
5.496700000000000000e+04
7.359700000000000000e+04
8.800200000000000000e+04
6.609100000000000000e+04
6.360200000000000000e+04
7.248800000000000000e+04
9.188800000000000000e+04
6.023400000000000000e+04
5.051300000000000000e+04
6.277400000000000000e+04
6.988800000000000000e+04
6.862600000000000000e+04
7.617600000000000000e+04
5.322500000000000000e+04
6.945800000000000000e+04
8.889400000000000000e+04
6.624400000000000000e+04
6.782300000000000000e+04
7.189900000000000000e+04
6.998000000000000000e+04
7.671900000000000000e+04
5.809800000000000000e+04
9.112800000000000000e+04
7.783700000000000000e+04
7.721100000000000000e+04
8.618300000000000000e+04
6.737100000000000000e+04
8.166900000000000000e+04
5.415300000000000000e+04
6.528000000000000000e+04
6.988400000000000000e+04
8.753200000000000000e+04
5.880900000000000000e+04
6.814400000000000000e+04
7.704000000000000000e+04
5.454100000000000000e+04
9.632900000000000000e+04
7.360500000000000000e+04
8.373100000000000000e+04
6.356100000000000000e+04
6.985600000000000000e+04
6.048700000000000000e+04
6.968200000000000000e+04
7.840600000000000000e+04
6.440100000000000000e+04
8.035100000000000000e+04
7.811500000000000000e+04
8.284500000000000000e+04
5.615200000000000000e+04
8.531200000000000000e+04
8.270300000000000000e+04
7.035200000000000000e+04
8.141600000000000000e+04
6.635300000000000000e+04
6.964400000000000000e+04
7.011300000000000000e+04
8.018300000000000000e+04
7.265000000000000000e+04
7.840900000000000000e+04
8.071000000000000000e+04
6.355100000000000000e+04
7.947600000000000000e+04
6.351100000000000000e+04
7.671200000000000000e+04
7.718500000000000000e+04
6.991700000000000000e+04
6.297500000000000000e+04
7.213000000000000000e+04
8.975100000000000000e+04
6.870500000000000000e+04
9.297400000000000000e+04
7.680900000000000000e+04
8.704200000000000000e+04
7.230300000000000000e+04
7.353700000000000000e+04
6.020800000000000000e+04
8.947300000000000000e+04
7.020700000000000000e+04
7.247400000000000000e+04
5.995800000000000000e+04
6.077800000000000000e+04
5.846400000000000000e+04
6.092200000000000000e+04
6.187600000000000000e+04
4.837200000000000000e+04
8.107300000000000000e+04
6.107100000000000000e+04
5.770100000000000000e+04
6.287900000000000000e+04
6.873500000000000000e+04
7.662900000000000000e+04
6.229700000000000000e+04
6.496000000000000000e+04
9.545300000000000000e+04
7.380000000000000000e+04
7.356400000000000000e+04
6.464900000000000000e+04
4.948800000000000000e+04
6.471700000000000000e+04
1.169770000000000000e+05
8.253900000000000000e+04
7.301700000000000000e+04
6.243100000000000000e+04
6.063000000000000000e+04
9.144500000000000000e+04
7.185800000000000000e+04
9.019100000000000000e+04
8.058500000000000000e+04
8.721000000000000000e+04
