6.400000000000000000e+03
1.329900000000000000e+04
1.108400000000000000e+04
1.192000000000000000e+04
1.292700000000000000e+04
1.248300000000000000e+04
1.400800000000000000e+04
1.463700000000000000e+04
1.539800000000000000e+04
1.329300000000000000e+04
1.495800000000000000e+04
1.625800000000000000e+04
1.417200000000000000e+04
1.433600000000000000e+04
1.615400000000000000e+04
1.566200000000000000e+04
1.588100000000000000e+04
1.461500000000000000e+04
1.509000000000000000e+04
1.519800000000000000e+04
1.672700000000000000e+04
1.779600000000000000e+04
1.703400000000000000e+04
1.901400000000000000e+04
1.854500000000000000e+04
1.580700000000000000e+04
1.107200000000000000e+04
1.621700000000000000e+04
1.160700000000000000e+04
1.890000000000000000e+04
1.887200000000000000e+04
1.721400000000000000e+04
1.488500000000000000e+04
1.501800000000000000e+04
1.855700000000000000e+04
2.017700000000000000e+04
2.043600000000000000e+04
1.781000000000000000e+04
1.725200000000000000e+04
2.053700000000000000e+04
2.235200000000000000e+04
1.746500000000000000e+04
2.090700000000000000e+04
1.737900000000000000e+04
1.431500000000000000e+04
2.077200000000000000e+04
9.651000000000000000e+03
1.785400000000000000e+04
1.598800000000000000e+04
1.425400000000000000e+04
1.766300000000000000e+04
1.969900000000000000e+04
1.605000000000000000e+04
1.396600000000000000e+04
2.087100000000000000e+04
1.818000000000000000e+04
1.276500000000000000e+04
1.241200000000000000e+04
1.513000000000000000e+04
1.378400000000000000e+04
1.516600000000000000e+04
1.172100000000000000e+04
1.804300000000000000e+04
1.618900000000000000e+04
1.214900000000000000e+04
1.539100000000000000e+04
1.442900000000000000e+04
1.595100000000000000e+04
1.365600000000000000e+04
1.454200000000000000e+04
1.402900000000000000e+04
1.311100000000000000e+04
1.644800000000000000e+04
1.245300000000000000e+04
1.838500000000000000e+04
1.474200000000000000e+04
1.502400000000000000e+04
1.571000000000000000e+04
2.143400000000000000e+04
1.283700000000000000e+04
1.251400000000000000e+04
1.556500000000000000e+04
1.384000000000000000e+04
1.300500000000000000e+04
1.317700000000000000e+04
1.358800000000000000e+04
1.181000000000000000e+04
1.370600000000000000e+04
1.295600000000000000e+04
1.391400000000000000e+04
1.688200000000000000e+04
1.338900000000000000e+04
1.225600000000000000e+04
1.338400000000000000e+04
1.612200000000000000e+04
1.754700000000000000e+04
1.511600000000000000e+04
1.367700000000000000e+04
1.877300000000000000e+04
1.882400000000000000e+04
1.730800000000000000e+04
2.003900000000000000e+04
1.350400000000000000e+04
1.467600000000000000e+04
1.880600000000000000e+04
2.406700000000000000e+04
1.937000000000000000e+04
1.309400000000000000e+04
1.621200000000000000e+04
1.421800000000000000e+04
1.841600000000000000e+04
1.795000000000000000e+04
1.504600000000000000e+04
1.642700000000000000e+04
2.022200000000000000e+04
1.495700000000000000e+04
1.560900000000000000e+04
1.738500000000000000e+04
1.892800000000000000e+04
2.465500000000000000e+04
2.190900000000000000e+04
2.127200000000000000e+04
1.629800000000000000e+04
1.732500000000000000e+04
1.953300000000000000e+04
1.181400000000000000e+04
2.388200000000000000e+04
1.446100000000000000e+04
1.587400000000000000e+04
2.000200000000000000e+04
1.044400000000000000e+04
1.864500000000000000e+04
1.790000000000000000e+04
1.614800000000000000e+04
2.019200000000000000e+04
1.877700000000000000e+04
1.510600000000000000e+04
1.475500000000000000e+04
1.530100000000000000e+04
1.723300000000000000e+04
1.476600000000000000e+04
1.459800000000000000e+04
1.326000000000000000e+04
1.247200000000000000e+04
1.796300000000000000e+04
1.731500000000000000e+04
1.661500000000000000e+04
1.242900000000000000e+04
1.844500000000000000e+04
1.936900000000000000e+04
1.612600000000000000e+04
1.778600000000000000e+04
1.668400000000000000e+04
1.580600000000000000e+04
1.415300000000000000e+04
1.678300000000000000e+04
1.703700000000000000e+04
2.045400000000000000e+04
2.081600000000000000e+04
1.417400000000000000e+04
1.769000000000000000e+04
1.486400000000000000e+04
2.066100000000000000e+04
1.229700000000000000e+04
1.800700000000000000e+04
1.537100000000000000e+04
1.346200000000000000e+04
2.265100000000000000e+04
1.503100000000000000e+04
1.484100000000000000e+04
1.377500000000000000e+04
1.170300000000000000e+04
2.184500000000000000e+04
1.357500000000000000e+04
1.589800000000000000e+04
1.468600000000000000e+04
1.788400000000000000e+04
1.280500000000000000e+04
1.307200000000000000e+04
1.777200000000000000e+04
1.750500000000000000e+04
2.270300000000000000e+04
1.636600000000000000e+04
1.176900000000000000e+04
1.939300000000000000e+04
1.200700000000000000e+04
2.391100000000000000e+04
1.932800000000000000e+04
1.167200000000000000e+04
1.443100000000000000e+04
1.449600000000000000e+04
1.333200000000000000e+04
1.211200000000000000e+04
1.580900000000000000e+04
1.372700000000000000e+04
1.399700000000000000e+04
1.275400000000000000e+04
2.747200000000000000e+04
1.600700000000000000e+04
1.414700000000000000e+04
1.524400000000000000e+04
1.969700000000000000e+04
1.128000000000000000e+04
1.757300000000000000e+04
1.514800000000000000e+04
1.463800000000000000e+04
1.550500000000000000e+04
1.839100000000000000e+04
1.995600000000000000e+04
2.097200000000000000e+04
1.072000000000000000e+04
1.739500000000000000e+04
1.269400000000000000e+04
1.123700000000000000e+04
1.326900000000000000e+04
1.607200000000000000e+04
1.461300000000000000e+04
1.459900000000000000e+04
1.251900000000000000e+04
2.563100000000000000e+04
1.345900000000000000e+04
2.191700000000000000e+04
1.140400000000000000e+04
2.211800000000000000e+04
1.586100000000000000e+04
1.470000000000000000e+04
1.660400000000000000e+04
1.405200000000000000e+04
2.090200000000000000e+04
2.202900000000000000e+04
1.369700000000000000e+04
1.953800000000000000e+04
1.552700000000000000e+04
2.357000000000000000e+04
1.482200000000000000e+04
1.556100000000000000e+04
1.601200000000000000e+04
1.826400000000000000e+04
1.552400000000000000e+04
1.408800000000000000e+04
1.936900000000000000e+04
1.479100000000000000e+04
2.016400000000000000e+04
1.165500000000000000e+04
2.195700000000000000e+04
1.368100000000000000e+04
1.942000000000000000e+04
2.164800000000000000e+04
1.232200000000000000e+04
2.090700000000000000e+04
1.883400000000000000e+04
1.918900000000000000e+04
1.691600000000000000e+04
1.523400000000000000e+04
1.993700000000000000e+04
1.698900000000000000e+04
1.788500000000000000e+04
1.998500000000000000e+04
1.829900000000000000e+04
1.401500000000000000e+04
1.343800000000000000e+04
1.909400000000000000e+04
1.167900000000000000e+04
1.817800000000000000e+04
1.567200000000000000e+04
1.446700000000000000e+04
1.656100000000000000e+04
1.563500000000000000e+04
1.877700000000000000e+04
1.454700000000000000e+04
1.914000000000000000e+04
1.323000000000000000e+04
2.386500000000000000e+04
1.642600000000000000e+04
1.730800000000000000e+04
2.155300000000000000e+04
2.049800000000000000e+04
1.302200000000000000e+04
2.347000000000000000e+04
1.522900000000000000e+04
1.999500000000000000e+04
2.269400000000000000e+04
1.910000000000000000e+04
1.571400000000000000e+04
1.476500000000000000e+04
1.308100000000000000e+04
2.112300000000000000e+04
1.575100000000000000e+04
1.998800000000000000e+04
2.553000000000000000e+04
2.171200000000000000e+04
1.141200000000000000e+04
1.905500000000000000e+04
1.753900000000000000e+04
1.855300000000000000e+04
2.660500000000000000e+04
1.353500000000000000e+04
1.638000000000000000e+04
1.520600000000000000e+04
1.359900000000000000e+04
1.615800000000000000e+04
1.431400000000000000e+04
1.279900000000000000e+04
2.066600000000000000e+04
2.578800000000000000e+04
1.577600000000000000e+04
1.619800000000000000e+04
2.101300000000000000e+04
1.593900000000000000e+04
1.342100000000000000e+04
2.102500000000000000e+04
1.109500000000000000e+04
1.464700000000000000e+04
1.563200000000000000e+04
1.600500000000000000e+04
1.426000000000000000e+04
1.160600000000000000e+04
1.685900000000000000e+04
1.893300000000000000e+04
1.586600000000000000e+04
1.549000000000000000e+04
1.422500000000000000e+04
1.179100000000000000e+04
1.936200000000000000e+04
1.725400000000000000e+04
1.670000000000000000e+04
1.532000000000000000e+04
1.385000000000000000e+04
1.445500000000000000e+04
1.230900000000000000e+04
1.487400000000000000e+04
1.572000000000000000e+04
1.666000000000000000e+04
1.312300000000000000e+04
1.845400000000000000e+04
1.529100000000000000e+04
1.475400000000000000e+04
1.399800000000000000e+04
1.844400000000000000e+04
1.754900000000000000e+04
1.346400000000000000e+04
2.208500000000000000e+04
1.742900000000000000e+04
2.353300000000000000e+04
1.507100000000000000e+04
1.507200000000000000e+04
1.509800000000000000e+04
2.222900000000000000e+04
1.821000000000000000e+04
1.828800000000000000e+04
1.612500000000000000e+04
1.549500000000000000e+04
1.932900000000000000e+04
1.591700000000000000e+04
1.811600000000000000e+04
1.373200000000000000e+04
1.381700000000000000e+04
1.672900000000000000e+04
1.433700000000000000e+04
2.227400000000000000e+04
1.676100000000000000e+04
1.405800000000000000e+04
1.891300000000000000e+04
2.396300000000000000e+04
1.384100000000000000e+04
1.526400000000000000e+04
1.172000000000000000e+04
1.884400000000000000e+04
1.548900000000000000e+04
1.967300000000000000e+04
1.935800000000000000e+04
1.801600000000000000e+04
1.669300000000000000e+04
1.661200000000000000e+04
1.183300000000000000e+04
1.530200000000000000e+04
1.611300000000000000e+04
1.164800000000000000e+04
1.108600000000000000e+04
1.126000000000000000e+04
1.934700000000000000e+04
1.455400000000000000e+04
1.655700000000000000e+04
1.514700000000000000e+04
1.086300000000000000e+04
1.871200000000000000e+04
1.285800000000000000e+04
2.223800000000000000e+04
1.871000000000000000e+04
1.938500000000000000e+04
1.521200000000000000e+04
1.729600000000000000e+04
1.522000000000000000e+04
1.855400000000000000e+04
2.093500000000000000e+04
2.395400000000000000e+04
2.452200000000000000e+04
1.706600000000000000e+04
1.243300000000000000e+04
1.415200000000000000e+04
1.889200000000000000e+04
2.637500000000000000e+04
1.669600000000000000e+04
2.345800000000000000e+04
1.780200000000000000e+04
1.746800000000000000e+04
1.984200000000000000e+04
1.579000000000000000e+04
1.522600000000000000e+04
1.770500000000000000e+04
1.560200000000000000e+04
1.614600000000000000e+04
1.813700000000000000e+04
1.966500000000000000e+04
1.828700000000000000e+04
1.512100000000000000e+04
1.182300000000000000e+04
1.038700000000000000e+04
1.271600000000000000e+04
1.515900000000000000e+04
1.363300000000000000e+04
1.178800000000000000e+04
1.779400000000000000e+04
1.266700000000000000e+04
1.533600000000000000e+04
1.267600000000000000e+04
2.109000000000000000e+04
2.345800000000000000e+04
1.477200000000000000e+04
1.409000000000000000e+04
1.368400000000000000e+04
1.978300000000000000e+04
2.025100000000000000e+04
1.682600000000000000e+04
1.729600000000000000e+04
1.845500000000000000e+04
2.085600000000000000e+04
1.570300000000000000e+04
1.450100000000000000e+04
2.034500000000000000e+04
1.233800000000000000e+04
1.413600000000000000e+04
1.482100000000000000e+04
9.000000000000000000e+03
1.761800000000000000e+04
1.175100000000000000e+04
1.775100000000000000e+04
1.321000000000000000e+04
1.802900000000000000e+04
1.206700000000000000e+04
1.194900000000000000e+04
2.029500000000000000e+04
1.789300000000000000e+04
1.468500000000000000e+04
1.251400000000000000e+04
1.790000000000000000e+04
1.722100000000000000e+04
1.374200000000000000e+04
1.597700000000000000e+04
1.261700000000000000e+04
1.578900000000000000e+04
1.595100000000000000e+04
1.630400000000000000e+04
1.707400000000000000e+04
1.681800000000000000e+04
1.989100000000000000e+04
1.472300000000000000e+04
1.423700000000000000e+04
1.568600000000000000e+04
1.256000000000000000e+04
1.550700000000000000e+04
2.082200000000000000e+04
1.189300000000000000e+04
1.317000000000000000e+04
1.319800000000000000e+04
1.502900000000000000e+04
1.782600000000000000e+04
1.488400000000000000e+04
1.596900000000000000e+04
1.607100000000000000e+04
1.684000000000000000e+04
1.407400000000000000e+04
1.848800000000000000e+04
1.523500000000000000e+04
1.145700000000000000e+04
1.909800000000000000e+04
1.336300000000000000e+04
1.522700000000000000e+04
1.885200000000000000e+04
1.387400000000000000e+04
1.653500000000000000e+04
1.168900000000000000e+04
1.333900000000000000e+04
1.603700000000000000e+04
1.903100000000000000e+04
2.119900000000000000e+04
1.611300000000000000e+04
1.260700000000000000e+04
1.369300000000000000e+04
1.690900000000000000e+04
1.544200000000000000e+04
1.412800000000000000e+04
1.845500000000000000e+04
1.998400000000000000e+04
1.482200000000000000e+04
1.757400000000000000e+04
2.011300000000000000e+04
1.305400000000000000e+04
1.122400000000000000e+04
1.977700000000000000e+04
1.868200000000000000e+04
2.135600000000000000e+04
2.194400000000000000e+04
1.482700000000000000e+04
1.454300000000000000e+04
1.758900000000000000e+04
1.790200000000000000e+04
1.578400000000000000e+04
2.343800000000000000e+04
1.431200000000000000e+04
1.503100000000000000e+04
1.357100000000000000e+04
1.859700000000000000e+04
1.970400000000000000e+04
1.309700000000000000e+04
1.812000000000000000e+04
1.073300000000000000e+04
1.834100000000000000e+04
1.748800000000000000e+04
1.104200000000000000e+04
1.915300000000000000e+04
1.524200000000000000e+04
1.702200000000000000e+04
1.687800000000000000e+04
2.045600000000000000e+04
1.705700000000000000e+04
1.879200000000000000e+04
1.455800000000000000e+04
1.562700000000000000e+04
1.264500000000000000e+04
1.593400000000000000e+04
1.363400000000000000e+04
2.374600000000000000e+04
1.705200000000000000e+04
1.988300000000000000e+04
1.498000000000000000e+04
1.444200000000000000e+04
1.553700000000000000e+04
1.622900000000000000e+04
1.381100000000000000e+04
1.778700000000000000e+04
1.353000000000000000e+04
1.445200000000000000e+04
2.100900000000000000e+04
1.893200000000000000e+04
1.613700000000000000e+04
1.335300000000000000e+04
1.707700000000000000e+04
1.279200000000000000e+04
2.002600000000000000e+04
1.436800000000000000e+04
1.875700000000000000e+04
1.930200000000000000e+04
1.478900000000000000e+04
1.349600000000000000e+04
1.608500000000000000e+04
2.065500000000000000e+04
1.527200000000000000e+04
1.113400000000000000e+04
1.611000000000000000e+04
1.674500000000000000e+04
1.450700000000000000e+04
1.713300000000000000e+04
1.314000000000000000e+04
1.845200000000000000e+04
1.254100000000000000e+04
1.614700000000000000e+04
1.628300000000000000e+04
1.410100000000000000e+04
1.161800000000000000e+04
1.869900000000000000e+04
1.028900000000000000e+04
1.485600000000000000e+04
2.401700000000000000e+04
1.435700000000000000e+04
1.369400000000000000e+04
1.965400000000000000e+04
1.504200000000000000e+04
1.082100000000000000e+04
1.236400000000000000e+04
1.823600000000000000e+04
1.489300000000000000e+04
1.583400000000000000e+04
1.361400000000000000e+04
1.519300000000000000e+04
1.732700000000000000e+04
1.496800000000000000e+04
1.623000000000000000e+04
1.577700000000000000e+04
1.163200000000000000e+04
1.500800000000000000e+04
1.639100000000000000e+04
1.385600000000000000e+04
1.967000000000000000e+04
1.631000000000000000e+04
1.214400000000000000e+04
1.843000000000000000e+04
1.630800000000000000e+04
1.317800000000000000e+04
1.749100000000000000e+04
1.252800000000000000e+04
1.590700000000000000e+04
1.249900000000000000e+04
1.783600000000000000e+04
1.532200000000000000e+04
1.718700000000000000e+04
1.778700000000000000e+04
1.187600000000000000e+04
2.377000000000000000e+04
1.547300000000000000e+04
1.178100000000000000e+04
1.579000000000000000e+04
1.255400000000000000e+04
1.512200000000000000e+04
1.721700000000000000e+04
1.740500000000000000e+04
1.121100000000000000e+04
2.163700000000000000e+04
1.669600000000000000e+04
2.220800000000000000e+04
1.849500000000000000e+04
1.111900000000000000e+04
1.903700000000000000e+04
1.602800000000000000e+04
1.744500000000000000e+04
1.445400000000000000e+04
1.617000000000000000e+04
1.501400000000000000e+04
1.483600000000000000e+04
1.778800000000000000e+04
2.021300000000000000e+04
1.569200000000000000e+04
1.380100000000000000e+04
1.288800000000000000e+04
1.696000000000000000e+04
2.070500000000000000e+04
1.231900000000000000e+04
1.762200000000000000e+04
1.433300000000000000e+04
1.879900000000000000e+04
1.756300000000000000e+04
1.361400000000000000e+04
1.292800000000000000e+04
1.397500000000000000e+04
2.183400000000000000e+04
2.060600000000000000e+04
1.351700000000000000e+04
1.405000000000000000e+04
1.033800000000000000e+04
1.065500000000000000e+04
2.013500000000000000e+04
1.100300000000000000e+04
1.692700000000000000e+04
1.418300000000000000e+04
1.784500000000000000e+04
1.400300000000000000e+04
1.263300000000000000e+04
1.503600000000000000e+04
1.397400000000000000e+04
1.187000000000000000e+04
2.085800000000000000e+04
1.499200000000000000e+04
9.676000000000000000e+03
2.538900000000000000e+04
1.666400000000000000e+04
1.705300000000000000e+04
1.610200000000000000e+04
1.765900000000000000e+04
1.899200000000000000e+04
1.199300000000000000e+04
1.698900000000000000e+04
1.474300000000000000e+04
1.660600000000000000e+04
1.706900000000000000e+04
2.313800000000000000e+04
1.607700000000000000e+04
1.723000000000000000e+04
1.428800000000000000e+04
1.614200000000000000e+04
1.830700000000000000e+04
1.399700000000000000e+04
1.505000000000000000e+04
1.655000000000000000e+04
1.844400000000000000e+04
1.633100000000000000e+04
1.719700000000000000e+04
1.157100000000000000e+04
1.848700000000000000e+04
1.579900000000000000e+04
1.877000000000000000e+04
1.931000000000000000e+04
2.352000000000000000e+04
1.508000000000000000e+04
1.462400000000000000e+04
1.566100000000000000e+04
1.667800000000000000e+04
1.688000000000000000e+04
1.446700000000000000e+04
1.113100000000000000e+04
1.737200000000000000e+04
1.650800000000000000e+04
1.313300000000000000e+04
1.710200000000000000e+04
1.973800000000000000e+04
1.221500000000000000e+04
1.894400000000000000e+04
1.513200000000000000e+04
1.693000000000000000e+04
1.442200000000000000e+04
2.257000000000000000e+04
2.062000000000000000e+04
1.446000000000000000e+04
1.304600000000000000e+04
1.734400000000000000e+04
2.274600000000000000e+04
1.649200000000000000e+04
1.637200000000000000e+04
1.460600000000000000e+04
1.097300000000000000e+04
1.179600000000000000e+04
1.882200000000000000e+04
1.395400000000000000e+04
1.472800000000000000e+04
1.372200000000000000e+04
1.472400000000000000e+04
1.625500000000000000e+04
1.527100000000000000e+04
1.263300000000000000e+04
1.007600000000000000e+04
1.736900000000000000e+04
1.101900000000000000e+04
1.625100000000000000e+04
1.153400000000000000e+04
1.520500000000000000e+04
1.996300000000000000e+04
1.520200000000000000e+04
1.436400000000000000e+04
1.298900000000000000e+04
1.071300000000000000e+04
1.415600000000000000e+04
1.817200000000000000e+04
1.456700000000000000e+04
1.472300000000000000e+04
2.122000000000000000e+04
1.452400000000000000e+04
1.952100000000000000e+04
1.660900000000000000e+04
1.845600000000000000e+04
1.278700000000000000e+04
1.487300000000000000e+04
2.237800000000000000e+04
1.501100000000000000e+04
1.940300000000000000e+04
1.944000000000000000e+04
2.250100000000000000e+04
1.455300000000000000e+04
1.890500000000000000e+04
2.143000000000000000e+04
1.946800000000000000e+04
2.354400000000000000e+04
2.114600000000000000e+04
1.624900000000000000e+04
1.565800000000000000e+04
1.693600000000000000e+04
1.831300000000000000e+04
1.413900000000000000e+04
1.704400000000000000e+04
1.133400000000000000e+04
1.753900000000000000e+04
1.815200000000000000e+04
1.893100000000000000e+04
1.601500000000000000e+04
1.167900000000000000e+04
1.471400000000000000e+04
1.685400000000000000e+04
2.195600000000000000e+04
1.554700000000000000e+04
1.363700000000000000e+04
1.321500000000000000e+04
1.222800000000000000e+04
1.913100000000000000e+04
1.237200000000000000e+04
1.704300000000000000e+04
1.626900000000000000e+04
1.716700000000000000e+04
1.641800000000000000e+04
1.566300000000000000e+04
2.108500000000000000e+04
1.352100000000000000e+04
1.823200000000000000e+04
1.801600000000000000e+04
2.098800000000000000e+04
1.194700000000000000e+04
1.585700000000000000e+04
1.684100000000000000e+04
2.007100000000000000e+04
1.273100000000000000e+04
1.840500000000000000e+04
1.613800000000000000e+04
1.602800000000000000e+04
1.478100000000000000e+04
2.125300000000000000e+04
1.667200000000000000e+04
1.356400000000000000e+04
1.560000000000000000e+04
1.821500000000000000e+04
1.190200000000000000e+04
1.487300000000000000e+04
1.475500000000000000e+04
1.981000000000000000e+04
1.650800000000000000e+04
1.856000000000000000e+04
1.609600000000000000e+04
1.603800000000000000e+04
1.607300000000000000e+04
1.241000000000000000e+04
1.812000000000000000e+04
1.293700000000000000e+04
1.416200000000000000e+04
1.326800000000000000e+04
1.998100000000000000e+04
2.018900000000000000e+04
2.520700000000000000e+04
1.613200000000000000e+04
1.333000000000000000e+04
1.903400000000000000e+04
2.002500000000000000e+04
1.868700000000000000e+04
1.888000000000000000e+04
1.711500000000000000e+04
2.348700000000000000e+04
2.066800000000000000e+04
1.283300000000000000e+04
1.996700000000000000e+04
1.651600000000000000e+04
1.499700000000000000e+04
1.376900000000000000e+04
1.613000000000000000e+04
1.566600000000000000e+04
1.812900000000000000e+04
1.514200000000000000e+04
1.437700000000000000e+04
1.607500000000000000e+04
1.804400000000000000e+04
1.637100000000000000e+04
1.549300000000000000e+04
1.543400000000000000e+04
1.678400000000000000e+04
1.601800000000000000e+04
1.939100000000000000e+04
1.722000000000000000e+04
1.831700000000000000e+04
1.859900000000000000e+04
1.428400000000000000e+04
1.061200000000000000e+04
2.134300000000000000e+04
1.717800000000000000e+04
1.578400000000000000e+04
1.240000000000000000e+04
1.661500000000000000e+04
1.672900000000000000e+04
1.639300000000000000e+04
1.560500000000000000e+04
1.909900000000000000e+04
1.779700000000000000e+04
2.030000000000000000e+04
1.466500000000000000e+04
1.366200000000000000e+04
1.412600000000000000e+04
1.997400000000000000e+04
1.757000000000000000e+04
1.855400000000000000e+04
1.675700000000000000e+04
1.733900000000000000e+04
1.346100000000000000e+04
1.662200000000000000e+04
1.509300000000000000e+04
1.805700000000000000e+04
1.511900000000000000e+04
1.333500000000000000e+04
1.236900000000000000e+04
1.448500000000000000e+04
1.823700000000000000e+04
1.703200000000000000e+04
1.584400000000000000e+04
1.318000000000000000e+04
2.086300000000000000e+04
1.970200000000000000e+04
1.592600000000000000e+04
1.780800000000000000e+04
1.702500000000000000e+04
2.021900000000000000e+04
1.561100000000000000e+04
1.351400000000000000e+04
2.248600000000000000e+04
1.435200000000000000e+04
1.649600000000000000e+04
1.383000000000000000e+04
2.128600000000000000e+04
1.328400000000000000e+04
1.426700000000000000e+04
2.114400000000000000e+04
1.675900000000000000e+04
1.478900000000000000e+04
1.850100000000000000e+04
1.419300000000000000e+04
1.186400000000000000e+04
2.267200000000000000e+04
2.454700000000000000e+04
2.205800000000000000e+04
1.837300000000000000e+04
1.583100000000000000e+04
1.444700000000000000e+04
1.623700000000000000e+04
1.527700000000000000e+04
1.933800000000000000e+04
1.749800000000000000e+04
2.159600000000000000e+04
2.039500000000000000e+04
1.899300000000000000e+04
2.176200000000000000e+04
1.419900000000000000e+04
1.567500000000000000e+04
1.561100000000000000e+04
1.570900000000000000e+04
2.014800000000000000e+04
1.269900000000000000e+04
1.749900000000000000e+04
1.255400000000000000e+04
1.885700000000000000e+04
1.550700000000000000e+04
1.117400000000000000e+04
1.639900000000000000e+04
1.616700000000000000e+04
1.860900000000000000e+04
1.695200000000000000e+04
1.233300000000000000e+04
1.526700000000000000e+04
1.456500000000000000e+04
1.222200000000000000e+04
1.492700000000000000e+04
2.117300000000000000e+04
2.060100000000000000e+04
1.499500000000000000e+04
1.703200000000000000e+04
1.830200000000000000e+04
1.962400000000000000e+04
2.516500000000000000e+04
1.989600000000000000e+04
1.387700000000000000e+04
1.552700000000000000e+04
1.641300000000000000e+04
1.483200000000000000e+04
1.492000000000000000e+04
1.483600000000000000e+04
1.541800000000000000e+04
1.737500000000000000e+04
1.711200000000000000e+04
1.189000000000000000e+04
1.299200000000000000e+04
1.698500000000000000e+04
1.723200000000000000e+04
1.447700000000000000e+04
1.279200000000000000e+04
2.096500000000000000e+04
1.801600000000000000e+04
1.561800000000000000e+04
2.030300000000000000e+04
1.597100000000000000e+04
1.795000000000000000e+04
1.300600000000000000e+04
1.736600000000000000e+04
1.189000000000000000e+04
1.368300000000000000e+04
1.409700000000000000e+04
2.092000000000000000e+04
1.635400000000000000e+04
1.917800000000000000e+04
1.230100000000000000e+04
1.863900000000000000e+04
2.182200000000000000e+04
2.021500000000000000e+04
1.765100000000000000e+04
1.731300000000000000e+04
1.770400000000000000e+04
2.074200000000000000e+04
2.039900000000000000e+04
1.963800000000000000e+04
1.974400000000000000e+04
2.207000000000000000e+04
