9.333000000000000000e+03
1.218200000000000000e+04
1.188100000000000000e+04
1.243300000000000000e+04
1.248000000000000000e+04
1.315900000000000000e+04
1.225800000000000000e+04
1.363100000000000000e+04
1.393400000000000000e+04
1.467900000000000000e+04
1.429700000000000000e+04
1.374200000000000000e+04
1.361000000000000000e+04
1.460000000000000000e+04
1.482500000000000000e+04
1.543600000000000000e+04
1.569700000000000000e+04
1.441300000000000000e+04
1.565200000000000000e+04
1.597600000000000000e+04
1.637600000000000000e+04
1.427700000000000000e+04
1.469900000000000000e+04
1.554100000000000000e+04
1.745200000000000000e+04
1.754700000000000000e+04
1.804900000000000000e+04
1.724900000000000000e+04
1.750700000000000000e+04
1.770000000000000000e+04
1.816100000000000000e+04
1.672500000000000000e+04
1.921700000000000000e+04
1.995400000000000000e+04
2.033000000000000000e+04
1.964400000000000000e+04
1.295700000000000000e+04
9.406000000000000000e+03
2.056300000000000000e+04
2.260100000000000000e+04
1.463300000000000000e+04
1.251300000000000000e+04
1.145400000000000000e+04
1.275500000000000000e+04
1.366700000000000000e+04
2.077500000000000000e+04
1.312700000000000000e+04
1.221600000000000000e+04
1.526900000000000000e+04
1.298800000000000000e+04
1.567700000000000000e+04
1.758600000000000000e+04
1.196100000000000000e+04
1.260800000000000000e+04
1.312500000000000000e+04
1.618900000000000000e+04
1.099600000000000000e+04
1.715500000000000000e+04
1.692000000000000000e+04
1.081100000000000000e+04
1.024700000000000000e+04
1.717100000000000000e+04
1.504500000000000000e+04
1.796300000000000000e+04
1.120200000000000000e+04
1.535700000000000000e+04
1.413800000000000000e+04
1.375500000000000000e+04
1.708900000000000000e+04
1.406100000000000000e+04
1.451400000000000000e+04
1.843500000000000000e+04
1.491900000000000000e+04
1.437900000000000000e+04
1.527900000000000000e+04
1.294500000000000000e+04
1.139900000000000000e+04
1.711700000000000000e+04
1.722700000000000000e+04
1.619700000000000000e+04
2.133700000000000000e+04
1.882900000000000000e+04
1.572700000000000000e+04
1.759300000000000000e+04
1.863900000000000000e+04
1.344800000000000000e+04
1.536800000000000000e+04
1.543100000000000000e+04
1.437300000000000000e+04
1.340900000000000000e+04
1.265400000000000000e+04
2.047000000000000000e+04
1.983100000000000000e+04
1.356100000000000000e+04
1.684700000000000000e+04
9.727000000000000000e+03
1.478000000000000000e+04
1.504400000000000000e+04
1.315800000000000000e+04
2.278300000000000000e+04
1.463100000000000000e+04
2.001500000000000000e+04
1.659400000000000000e+04
2.035800000000000000e+04
1.556400000000000000e+04
1.411200000000000000e+04
2.383800000000000000e+04
1.970300000000000000e+04
2.598500000000000000e+04
1.512100000000000000e+04
2.139800000000000000e+04
1.731200000000000000e+04
1.431800000000000000e+04
1.865100000000000000e+04
1.148900000000000000e+04
9.984000000000000000e+03
1.815700000000000000e+04
1.466000000000000000e+04
9.304000000000000000e+03
1.535200000000000000e+04
1.299700000000000000e+04
8.795000000000000000e+03
1.444400000000000000e+04
1.309400000000000000e+04
1.687500000000000000e+04
1.743900000000000000e+04
1.783000000000000000e+04
1.221400000000000000e+04
2.041400000000000000e+04
1.616100000000000000e+04
1.856500000000000000e+04
1.910700000000000000e+04
1.550400000000000000e+04
1.356900000000000000e+04
1.554500000000000000e+04
2.208300000000000000e+04
1.496100000000000000e+04
1.235300000000000000e+04
1.336700000000000000e+04
1.655100000000000000e+04
1.639400000000000000e+04
1.520300000000000000e+04
1.662800000000000000e+04
1.885500000000000000e+04
1.371000000000000000e+04
1.418500000000000000e+04
1.540900000000000000e+04
2.340200000000000000e+04
1.645000000000000000e+04
1.576300000000000000e+04
1.424800000000000000e+04
1.860000000000000000e+04
1.337000000000000000e+04
1.648600000000000000e+04
1.606500000000000000e+04
1.471700000000000000e+04
1.384200000000000000e+04
1.269200000000000000e+04
1.665000000000000000e+04
1.229000000000000000e+04
1.650100000000000000e+04
1.471800000000000000e+04
2.043000000000000000e+04
1.540800000000000000e+04
1.655100000000000000e+04
1.186900000000000000e+04
1.369900000000000000e+04
1.531900000000000000e+04
2.155000000000000000e+04
1.627100000000000000e+04
1.260100000000000000e+04
1.593900000000000000e+04
1.282200000000000000e+04
1.289200000000000000e+04
2.063900000000000000e+04
1.124600000000000000e+04
1.518900000000000000e+04
1.364000000000000000e+04
1.424000000000000000e+04
1.138800000000000000e+04
1.523400000000000000e+04
1.497300000000000000e+04
1.431600000000000000e+04
1.464400000000000000e+04
1.333400000000000000e+04
1.703200000000000000e+04
2.153600000000000000e+04
1.202400000000000000e+04
1.698600000000000000e+04
1.918700000000000000e+04
1.989700000000000000e+04
1.575700000000000000e+04
1.318300000000000000e+04
1.277000000000000000e+04
1.904900000000000000e+04
1.488000000000000000e+04
1.728800000000000000e+04
1.593700000000000000e+04
1.187600000000000000e+04
1.626700000000000000e+04
1.688500000000000000e+04
1.183600000000000000e+04
1.651500000000000000e+04
1.086900000000000000e+04
1.198200000000000000e+04
1.727900000000000000e+04
1.223000000000000000e+04
1.554500000000000000e+04
1.471300000000000000e+04
1.640300000000000000e+04
1.383200000000000000e+04
1.363100000000000000e+04
1.397800000000000000e+04
1.838400000000000000e+04
1.546000000000000000e+04
1.544800000000000000e+04
1.534500000000000000e+04
1.724300000000000000e+04
1.376600000000000000e+04
1.416600000000000000e+04
1.862300000000000000e+04
1.641800000000000000e+04
1.637900000000000000e+04
1.643300000000000000e+04
1.687800000000000000e+04
1.408100000000000000e+04
1.637200000000000000e+04
1.870600000000000000e+04
1.133300000000000000e+04
1.788000000000000000e+04
1.806400000000000000e+04
1.744300000000000000e+04
1.860200000000000000e+04
1.387700000000000000e+04
1.101500000000000000e+04
1.385800000000000000e+04
1.463200000000000000e+04
1.582000000000000000e+04
9.824000000000000000e+03
2.085900000000000000e+04
1.811300000000000000e+04
2.092800000000000000e+04
1.433400000000000000e+04
1.060300000000000000e+04
1.653300000000000000e+04
1.883000000000000000e+04
1.320000000000000000e+04
1.790700000000000000e+04
1.727500000000000000e+04
1.432900000000000000e+04
1.778500000000000000e+04
1.529300000000000000e+04
1.686400000000000000e+04
1.364700000000000000e+04
2.349600000000000000e+04
1.669900000000000000e+04
1.860100000000000000e+04
1.917100000000000000e+04
1.890000000000000000e+04
1.816400000000000000e+04
1.418800000000000000e+04
1.973100000000000000e+04
1.621800000000000000e+04
1.736300000000000000e+04
1.533700000000000000e+04
1.371100000000000000e+04
1.272200000000000000e+04
1.547400000000000000e+04
1.603500000000000000e+04
1.669400000000000000e+04
1.137300000000000000e+04
2.258300000000000000e+04
1.309800000000000000e+04
1.426000000000000000e+04
1.648500000000000000e+04
1.233600000000000000e+04
1.916200000000000000e+04
1.357000000000000000e+04
1.335500000000000000e+04
1.363900000000000000e+04
2.035700000000000000e+04
1.612900000000000000e+04
1.907600000000000000e+04
1.447600000000000000e+04
1.221900000000000000e+04
1.989100000000000000e+04
1.226500000000000000e+04
1.701400000000000000e+04
1.551500000000000000e+04
1.431200000000000000e+04
1.388600000000000000e+04
1.779600000000000000e+04
1.640300000000000000e+04
1.713700000000000000e+04
1.667100000000000000e+04
1.250600000000000000e+04
2.080700000000000000e+04
1.791300000000000000e+04
2.265100000000000000e+04
1.617000000000000000e+04
1.794700000000000000e+04
1.505000000000000000e+04
1.419400000000000000e+04
2.217700000000000000e+04
1.486800000000000000e+04
1.283300000000000000e+04
1.414500000000000000e+04
1.419800000000000000e+04
1.387600000000000000e+04
1.598200000000000000e+04
1.700300000000000000e+04
2.031300000000000000e+04
1.899600000000000000e+04
1.923300000000000000e+04
1.434700000000000000e+04
1.342100000000000000e+04
2.083000000000000000e+04
1.750400000000000000e+04
1.335000000000000000e+04
1.447500000000000000e+04
1.089900000000000000e+04
1.820400000000000000e+04
1.676800000000000000e+04
1.065800000000000000e+04
1.156600000000000000e+04
1.591200000000000000e+04
1.133700000000000000e+04
2.037800000000000000e+04
1.630100000000000000e+04
1.579600000000000000e+04
1.326300000000000000e+04
1.841700000000000000e+04
1.613500000000000000e+04
1.317200000000000000e+04
2.152300000000000000e+04
1.731400000000000000e+04
1.446400000000000000e+04
1.990500000000000000e+04
1.669000000000000000e+04
1.617500000000000000e+04
1.075800000000000000e+04
1.294400000000000000e+04
1.487500000000000000e+04
1.509400000000000000e+04
1.478300000000000000e+04
1.578300000000000000e+04
1.236900000000000000e+04
1.214400000000000000e+04
1.414400000000000000e+04
1.928000000000000000e+04
1.607500000000000000e+04
1.786600000000000000e+04
2.181000000000000000e+04
1.780100000000000000e+04
1.873700000000000000e+04
8.436000000000000000e+03
1.910800000000000000e+04
2.107800000000000000e+04
1.407400000000000000e+04
1.252000000000000000e+04
1.481000000000000000e+04
2.032000000000000000e+04
1.670400000000000000e+04
1.737100000000000000e+04
1.742900000000000000e+04
1.703500000000000000e+04
1.553900000000000000e+04
1.596300000000000000e+04
1.483600000000000000e+04
1.015400000000000000e+04
1.354100000000000000e+04
1.379600000000000000e+04
1.460500000000000000e+04
1.522000000000000000e+04
1.169100000000000000e+04
1.467100000000000000e+04
1.496700000000000000e+04
1.280400000000000000e+04
1.466800000000000000e+04
1.607000000000000000e+04
1.550600000000000000e+04
2.098200000000000000e+04
1.869900000000000000e+04
1.327300000000000000e+04
1.745900000000000000e+04
1.335100000000000000e+04
1.717400000000000000e+04
1.238100000000000000e+04
1.096800000000000000e+04
2.156500000000000000e+04
1.692000000000000000e+04
1.564800000000000000e+04
1.837000000000000000e+04
1.494300000000000000e+04
1.242200000000000000e+04
1.576200000000000000e+04
2.051500000000000000e+04
1.271500000000000000e+04
1.726000000000000000e+04
1.455600000000000000e+04
1.734800000000000000e+04
2.255600000000000000e+04
1.301700000000000000e+04
1.781500000000000000e+04
2.039500000000000000e+04
1.600400000000000000e+04
1.884600000000000000e+04
1.491800000000000000e+04
1.210100000000000000e+04
1.459200000000000000e+04
2.297300000000000000e+04
1.223000000000000000e+04
1.634500000000000000e+04
1.120100000000000000e+04
1.954200000000000000e+04
1.741400000000000000e+04
1.260300000000000000e+04
1.445000000000000000e+04
1.676700000000000000e+04
1.210700000000000000e+04
1.307500000000000000e+04
2.103900000000000000e+04
1.705000000000000000e+04
1.449700000000000000e+04
1.322900000000000000e+04
1.739200000000000000e+04
1.963300000000000000e+04
1.270500000000000000e+04
1.658400000000000000e+04
1.488400000000000000e+04
1.215900000000000000e+04
1.309000000000000000e+04
1.669900000000000000e+04
1.095300000000000000e+04
1.307800000000000000e+04
1.848900000000000000e+04
1.626300000000000000e+04
1.664600000000000000e+04
1.341300000000000000e+04
1.650000000000000000e+04
1.806700000000000000e+04
1.595400000000000000e+04
1.270700000000000000e+04
1.421900000000000000e+04
2.109900000000000000e+04
1.708500000000000000e+04
1.761400000000000000e+04
1.803700000000000000e+04
1.786100000000000000e+04
1.579600000000000000e+04
1.500300000000000000e+04
1.237200000000000000e+04
1.422600000000000000e+04
1.753500000000000000e+04
1.296000000000000000e+04
1.341700000000000000e+04
1.269800000000000000e+04
1.420500000000000000e+04
1.601000000000000000e+04
1.652700000000000000e+04
1.394400000000000000e+04
1.471800000000000000e+04
1.238400000000000000e+04
1.805100000000000000e+04
2.038900000000000000e+04
1.271700000000000000e+04
1.526600000000000000e+04
2.000600000000000000e+04
1.778000000000000000e+04
1.424800000000000000e+04
1.616300000000000000e+04
1.657600000000000000e+04
1.472600000000000000e+04
2.323400000000000000e+04
1.484200000000000000e+04
1.228800000000000000e+04
1.367800000000000000e+04
1.534100000000000000e+04
1.195700000000000000e+04
1.383800000000000000e+04
1.836900000000000000e+04
1.413600000000000000e+04
1.408400000000000000e+04
1.203900000000000000e+04
1.006100000000000000e+04
1.670100000000000000e+04
1.849400000000000000e+04
1.549400000000000000e+04
1.365300000000000000e+04
1.379000000000000000e+04
2.074600000000000000e+04
1.754900000000000000e+04
1.524500000000000000e+04
1.413200000000000000e+04
1.124000000000000000e+04
1.458000000000000000e+04
1.361900000000000000e+04
1.549900000000000000e+04
2.014200000000000000e+04
1.402800000000000000e+04
1.111700000000000000e+04
1.340300000000000000e+04
1.732700000000000000e+04
1.727800000000000000e+04
2.247800000000000000e+04
1.310600000000000000e+04
1.563000000000000000e+04
1.868300000000000000e+04
1.619800000000000000e+04
1.528900000000000000e+04
1.558000000000000000e+04
1.623500000000000000e+04
1.521700000000000000e+04
1.643100000000000000e+04
1.484600000000000000e+04
1.812300000000000000e+04
1.392900000000000000e+04
1.723400000000000000e+04
1.394500000000000000e+04
1.265300000000000000e+04
9.759000000000000000e+03
1.413000000000000000e+04
1.182600000000000000e+04
1.670800000000000000e+04
1.118200000000000000e+04
1.965900000000000000e+04
1.459900000000000000e+04
2.257000000000000000e+04
1.373500000000000000e+04
1.143400000000000000e+04
1.463000000000000000e+04
1.456200000000000000e+04
1.578800000000000000e+04
1.834600000000000000e+04
1.563600000000000000e+04
1.224600000000000000e+04
1.413000000000000000e+04
1.780800000000000000e+04
1.224900000000000000e+04
1.518700000000000000e+04
1.096900000000000000e+04
1.358400000000000000e+04
1.693800000000000000e+04
1.429700000000000000e+04
1.557500000000000000e+04
1.327800000000000000e+04
1.431600000000000000e+04
1.427400000000000000e+04
1.188100000000000000e+04
2.141000000000000000e+04
1.070600000000000000e+04
1.806500000000000000e+04
1.161800000000000000e+04
1.506800000000000000e+04
1.365200000000000000e+04
1.915800000000000000e+04
1.357600000000000000e+04
2.311300000000000000e+04
1.490800000000000000e+04
1.269800000000000000e+04
1.301900000000000000e+04
1.464500000000000000e+04
1.514000000000000000e+04
2.220700000000000000e+04
1.570000000000000000e+04
1.383300000000000000e+04
1.469200000000000000e+04
1.132600000000000000e+04
1.802900000000000000e+04
1.422800000000000000e+04
1.270600000000000000e+04
1.223300000000000000e+04
1.450300000000000000e+04
9.209000000000000000e+03
1.624500000000000000e+04
2.006100000000000000e+04
1.091700000000000000e+04
1.392900000000000000e+04
1.551100000000000000e+04
1.229700000000000000e+04
1.514200000000000000e+04
1.314100000000000000e+04
1.460900000000000000e+04
1.525800000000000000e+04
1.569300000000000000e+04
1.886600000000000000e+04
1.913900000000000000e+04
1.494900000000000000e+04
2.305900000000000000e+04
1.628100000000000000e+04
1.334100000000000000e+04
1.759100000000000000e+04
1.317800000000000000e+04
1.506500000000000000e+04
1.602400000000000000e+04
1.463500000000000000e+04
1.576200000000000000e+04
1.570100000000000000e+04
1.864800000000000000e+04
1.600400000000000000e+04
1.792900000000000000e+04
1.460200000000000000e+04
2.182300000000000000e+04
1.889100000000000000e+04
1.465600000000000000e+04
1.212900000000000000e+04
1.548800000000000000e+04
1.585500000000000000e+04
2.039700000000000000e+04
9.782000000000000000e+03
1.216100000000000000e+04
1.344900000000000000e+04
1.405900000000000000e+04
1.359900000000000000e+04
1.534900000000000000e+04
1.717600000000000000e+04
1.700300000000000000e+04
1.670700000000000000e+04
1.499000000000000000e+04
1.650400000000000000e+04
1.641500000000000000e+04
1.600900000000000000e+04
1.348200000000000000e+04
1.506900000000000000e+04
1.510500000000000000e+04
1.435500000000000000e+04
1.424600000000000000e+04
1.593900000000000000e+04
1.014200000000000000e+04
1.872600000000000000e+04
2.112500000000000000e+04
1.607400000000000000e+04
1.665500000000000000e+04
1.673300000000000000e+04
1.403300000000000000e+04
1.256000000000000000e+04
1.693400000000000000e+04
1.582900000000000000e+04
1.422400000000000000e+04
1.604100000000000000e+04
1.324900000000000000e+04
1.713300000000000000e+04
1.302200000000000000e+04
1.776900000000000000e+04
1.553300000000000000e+04
1.704200000000000000e+04
1.281000000000000000e+04
1.433900000000000000e+04
1.852900000000000000e+04
1.891800000000000000e+04
1.576400000000000000e+04
1.622900000000000000e+04
1.710300000000000000e+04
1.211000000000000000e+04
1.846200000000000000e+04
1.862300000000000000e+04
1.555000000000000000e+04
1.705100000000000000e+04
1.202100000000000000e+04
1.742500000000000000e+04
1.819200000000000000e+04
1.305700000000000000e+04
1.360800000000000000e+04
2.249400000000000000e+04
1.699000000000000000e+04
1.711900000000000000e+04
1.842500000000000000e+04
1.237700000000000000e+04
1.432800000000000000e+04
1.415200000000000000e+04
1.812100000000000000e+04
1.961500000000000000e+04
2.001500000000000000e+04
1.574900000000000000e+04
1.738500000000000000e+04
1.301200000000000000e+04
1.455600000000000000e+04
1.668100000000000000e+04
1.793300000000000000e+04
1.189100000000000000e+04
1.000400000000000000e+04
1.207600000000000000e+04
1.350900000000000000e+04
1.114400000000000000e+04
1.648700000000000000e+04
1.774100000000000000e+04
1.905500000000000000e+04
1.436600000000000000e+04
1.550600000000000000e+04
1.434600000000000000e+04
1.920800000000000000e+04
1.596300000000000000e+04
1.576000000000000000e+04
1.575300000000000000e+04
1.567300000000000000e+04
1.493000000000000000e+04
1.811900000000000000e+04
1.307400000000000000e+04
1.757300000000000000e+04
9.987000000000000000e+03
1.241900000000000000e+04
1.459800000000000000e+04
1.775900000000000000e+04
1.591500000000000000e+04
1.164500000000000000e+04
1.609600000000000000e+04
1.438400000000000000e+04
2.261000000000000000e+04
1.399800000000000000e+04
1.204300000000000000e+04
1.997300000000000000e+04
1.264300000000000000e+04
1.586500000000000000e+04
1.570300000000000000e+04
1.411900000000000000e+04
1.332100000000000000e+04
1.735500000000000000e+04
1.164500000000000000e+04
1.973200000000000000e+04
1.745200000000000000e+04
1.598500000000000000e+04
1.881300000000000000e+04
1.571900000000000000e+04
1.660100000000000000e+04
1.442000000000000000e+04
1.594400000000000000e+04
1.603000000000000000e+04
1.583900000000000000e+04
1.545100000000000000e+04
1.402000000000000000e+04
1.871100000000000000e+04
1.581900000000000000e+04
1.236400000000000000e+04
1.181800000000000000e+04
1.651100000000000000e+04
1.925800000000000000e+04
1.632000000000000000e+04
1.512900000000000000e+04
1.363500000000000000e+04
9.820000000000000000e+03
1.290200000000000000e+04
1.373100000000000000e+04
1.176400000000000000e+04
1.860400000000000000e+04
1.479700000000000000e+04
1.136500000000000000e+04
1.418500000000000000e+04
1.333700000000000000e+04
1.266800000000000000e+04
1.777400000000000000e+04
1.504300000000000000e+04
1.824000000000000000e+04
1.545100000000000000e+04
1.375000000000000000e+04
1.310800000000000000e+04
1.778700000000000000e+04
1.418800000000000000e+04
1.470600000000000000e+04
1.175200000000000000e+04
1.454400000000000000e+04
1.528600000000000000e+04
1.763900000000000000e+04
1.524900000000000000e+04
1.694200000000000000e+04
1.858000000000000000e+04
1.404300000000000000e+04
1.426400000000000000e+04
1.865500000000000000e+04
1.579300000000000000e+04
1.342100000000000000e+04
1.496400000000000000e+04
1.553400000000000000e+04
1.873300000000000000e+04
2.001200000000000000e+04
1.646600000000000000e+04
2.031400000000000000e+04
1.803700000000000000e+04
1.589300000000000000e+04
1.425200000000000000e+04
1.726800000000000000e+04
1.353600000000000000e+04
1.157200000000000000e+04
1.292500000000000000e+04
1.281300000000000000e+04
1.589300000000000000e+04
1.720200000000000000e+04
1.590900000000000000e+04
1.286000000000000000e+04
1.353500000000000000e+04
1.265300000000000000e+04
2.014700000000000000e+04
1.228100000000000000e+04
1.213000000000000000e+04
1.725100000000000000e+04
1.584900000000000000e+04
1.129300000000000000e+04
1.489800000000000000e+04
1.436000000000000000e+04
1.674600000000000000e+04
1.598200000000000000e+04
1.223100000000000000e+04
1.384500000000000000e+04
1.791500000000000000e+04
1.516000000000000000e+04
1.507600000000000000e+04
1.422900000000000000e+04
1.640100000000000000e+04
2.235300000000000000e+04
1.093500000000000000e+04
1.083100000000000000e+04
1.506400000000000000e+04
1.323000000000000000e+04
1.953000000000000000e+04
1.728900000000000000e+04
1.357500000000000000e+04
1.263000000000000000e+04
1.635000000000000000e+04
1.888100000000000000e+04
1.443300000000000000e+04
1.432000000000000000e+04
1.702500000000000000e+04
1.728600000000000000e+04
1.843200000000000000e+04
1.191000000000000000e+04
1.496200000000000000e+04
1.665500000000000000e+04
9.742000000000000000e+03
2.060800000000000000e+04
1.259200000000000000e+04
2.031200000000000000e+04
1.567300000000000000e+04
1.534800000000000000e+04
1.468700000000000000e+04
1.345800000000000000e+04
1.681400000000000000e+04
1.785200000000000000e+04
1.293800000000000000e+04
1.132800000000000000e+04
1.334200000000000000e+04
1.303100000000000000e+04
1.550200000000000000e+04
1.638200000000000000e+04
2.175300000000000000e+04
1.092900000000000000e+04
1.417500000000000000e+04
1.687000000000000000e+04
1.516400000000000000e+04
1.722900000000000000e+04
1.685800000000000000e+04
1.999200000000000000e+04
1.302200000000000000e+04
1.453400000000000000e+04
1.211900000000000000e+04
1.597000000000000000e+04
1.697600000000000000e+04
1.870400000000000000e+04
1.332500000000000000e+04
1.965400000000000000e+04
1.638000000000000000e+04
1.535100000000000000e+04
1.865600000000000000e+04
1.341100000000000000e+04
1.859900000000000000e+04
1.295600000000000000e+04
1.221800000000000000e+04
1.425100000000000000e+04
2.028100000000000000e+04
1.686000000000000000e+04
1.285300000000000000e+04
1.526900000000000000e+04
1.915700000000000000e+04
1.518800000000000000e+04
1.956000000000000000e+04
1.665100000000000000e+04
2.053000000000000000e+04
1.785100000000000000e+04
1.400100000000000000e+04
1.954600000000000000e+04
1.792000000000000000e+04
1.627600000000000000e+04
1.502600000000000000e+04
1.673800000000000000e+04
1.681500000000000000e+04
1.514700000000000000e+04
1.352800000000000000e+04
1.545700000000000000e+04
1.672600000000000000e+04
1.778600000000000000e+04
1.568200000000000000e+04
1.930500000000000000e+04
1.829900000000000000e+04
1.805100000000000000e+04
1.183100000000000000e+04
1.570400000000000000e+04
1.845800000000000000e+04
1.709900000000000000e+04
1.483600000000000000e+04
1.417100000000000000e+04
1.543500000000000000e+04
2.086800000000000000e+04
1.604900000000000000e+04
1.999000000000000000e+04
1.711900000000000000e+04
1.718900000000000000e+04
1.783400000000000000e+04
1.543300000000000000e+04
1.683900000000000000e+04
1.856500000000000000e+04
1.902600000000000000e+04
2.054600000000000000e+04
1.470600000000000000e+04
1.228700000000000000e+04
1.593300000000000000e+04
1.163300000000000000e+04
1.259900000000000000e+04
1.278900000000000000e+04
2.475200000000000000e+04
1.730000000000000000e+04
2.579700000000000000e+04
1.120200000000000000e+04
1.449400000000000000e+04
1.786000000000000000e+04
1.564600000000000000e+04
1.588700000000000000e+04
1.518400000000000000e+04
1.899700000000000000e+04
1.171900000000000000e+04
1.434200000000000000e+04
1.665400000000000000e+04
1.303900000000000000e+04
1.664800000000000000e+04
1.658000000000000000e+04
1.349900000000000000e+04
1.325400000000000000e+04
1.576800000000000000e+04
1.326600000000000000e+04
1.594800000000000000e+04
2.246500000000000000e+04
2.143900000000000000e+04
1.468300000000000000e+04
1.112300000000000000e+04
1.317000000000000000e+04
1.715300000000000000e+04
1.337000000000000000e+04
1.691500000000000000e+04
1.538600000000000000e+04
1.768000000000000000e+04
1.346400000000000000e+04
1.426300000000000000e+04
1.539600000000000000e+04
1.361600000000000000e+04
1.351000000000000000e+04
1.802900000000000000e+04
1.843500000000000000e+04
1.472100000000000000e+04
1.832300000000000000e+04
1.923200000000000000e+04
1.708500000000000000e+04
1.380300000000000000e+04
1.385400000000000000e+04
1.382900000000000000e+04
1.238700000000000000e+04
1.212900000000000000e+04
1.489700000000000000e+04
2.194000000000000000e+04
1.443300000000000000e+04
1.763500000000000000e+04
1.565000000000000000e+04
1.615200000000000000e+04
1.827300000000000000e+04
1.358400000000000000e+04
2.136300000000000000e+04
1.434700000000000000e+04
1.277000000000000000e+04
1.312600000000000000e+04
1.530300000000000000e+04
1.487600000000000000e+04
1.278500000000000000e+04
1.580600000000000000e+04
1.578100000000000000e+04
1.045900000000000000e+04
1.842100000000000000e+04
1.255200000000000000e+04
1.563800000000000000e+04
1.838400000000000000e+04
1.559300000000000000e+04
1.357600000000000000e+04
1.525200000000000000e+04
2.072300000000000000e+04
2.222500000000000000e+04
1.340300000000000000e+04
1.731900000000000000e+04
1.643700000000000000e+04
1.930300000000000000e+04
1.766600000000000000e+04
2.116300000000000000e+04
2.030700000000000000e+04
1.400500000000000000e+04
2.194800000000000000e+04
1.769900000000000000e+04
