8.390000000000000000e+03
8.686000000000000000e+03
8.880000000000000000e+03
9.849000000000000000e+03
9.112000000000000000e+03
8.650000000000000000e+03
8.795000000000000000e+03
9.698000000000000000e+03
9.998000000000000000e+03
8.186000000000000000e+03
9.803000000000000000e+03
1.000300000000000000e+04
9.717000000000000000e+03
9.488000000000000000e+03
9.455000000000000000e+03
1.025600000000000000e+04
1.007600000000000000e+04
1.012600000000000000e+04
1.029600000000000000e+04
1.051500000000000000e+04
9.706000000000000000e+03
1.117900000000000000e+04
1.033100000000000000e+04
1.111800000000000000e+04
1.119400000000000000e+04
1.045400000000000000e+04
1.174900000000000000e+04
1.174700000000000000e+04
1.165700000000000000e+04
1.101800000000000000e+04
9.970000000000000000e+03
1.212200000000000000e+04
1.202400000000000000e+04
1.135700000000000000e+04
9.646000000000000000e+03
1.008000000000000000e+04
1.157400000000000000e+04
1.219400000000000000e+04
1.248200000000000000e+04
1.233800000000000000e+04
1.087600000000000000e+04
1.110300000000000000e+04
1.265900000000000000e+04
9.884000000000000000e+03
9.665000000000000000e+03
9.090000000000000000e+03
1.224000000000000000e+04
9.502000000000000000e+03
9.700000000000000000e+03
1.072700000000000000e+04
9.984000000000000000e+03
1.272800000000000000e+04
8.731000000000000000e+03
1.001600000000000000e+04
9.126000000000000000e+03
9.662000000000000000e+03
1.000000000000000000e+04
1.029500000000000000e+04
1.005700000000000000e+04
9.297000000000000000e+03
1.033500000000000000e+04
9.764000000000000000e+03
1.072300000000000000e+04
9.846000000000000000e+03
9.484000000000000000e+03
1.211600000000000000e+04
1.061900000000000000e+04
8.391000000000000000e+03
9.406000000000000000e+03
9.353000000000000000e+03
9.802000000000000000e+03
1.098500000000000000e+04
1.006700000000000000e+04
1.073700000000000000e+04
1.079800000000000000e+04
1.013500000000000000e+04
1.152200000000000000e+04
1.094600000000000000e+04
1.071200000000000000e+04
9.994000000000000000e+03
8.701000000000000000e+03
1.178200000000000000e+04
9.850000000000000000e+03
9.622000000000000000e+03
1.068300000000000000e+04
8.805000000000000000e+03
1.077600000000000000e+04
1.166400000000000000e+04
1.207900000000000000e+04
1.241500000000000000e+04
1.065100000000000000e+04
1.220000000000000000e+04
1.017100000000000000e+04
1.046700000000000000e+04
1.100800000000000000e+04
9.562000000000000000e+03
9.079000000000000000e+03
8.972000000000000000e+03
9.938000000000000000e+03
1.273700000000000000e+04
1.178900000000000000e+04
1.090800000000000000e+04
9.098000000000000000e+03
1.056700000000000000e+04
1.086400000000000000e+04
1.294500000000000000e+04
9.083000000000000000e+03
1.218400000000000000e+04
1.014400000000000000e+04
1.027200000000000000e+04
1.178000000000000000e+04
1.182200000000000000e+04
9.836000000000000000e+03
9.919000000000000000e+03
1.136800000000000000e+04
1.040400000000000000e+04
9.304000000000000000e+03
1.085500000000000000e+04
1.122600000000000000e+04
1.098900000000000000e+04
1.259200000000000000e+04
1.202700000000000000e+04
1.158800000000000000e+04
1.133400000000000000e+04
1.163000000000000000e+04
9.116000000000000000e+03
1.314300000000000000e+04
9.742000000000000000e+03
9.700000000000000000e+03
8.047000000000000000e+03
8.728000000000000000e+03
9.457000000000000000e+03
1.109800000000000000e+04
9.368000000000000000e+03
9.528000000000000000e+03
1.127500000000000000e+04
1.035200000000000000e+04
9.123000000000000000e+03
1.039800000000000000e+04
1.051400000000000000e+04
9.801000000000000000e+03
1.058000000000000000e+04
1.031800000000000000e+04
1.041100000000000000e+04
1.003000000000000000e+04
1.019000000000000000e+04
1.073600000000000000e+04
9.182000000000000000e+03
8.544000000000000000e+03
8.984000000000000000e+03
1.088900000000000000e+04
1.115100000000000000e+04
1.051000000000000000e+04
1.087200000000000000e+04
1.073200000000000000e+04
9.735000000000000000e+03
1.123900000000000000e+04
1.096500000000000000e+04
1.061900000000000000e+04
1.151000000000000000e+04
1.141300000000000000e+04
1.036800000000000000e+04
1.034300000000000000e+04
1.290500000000000000e+04
1.073600000000000000e+04
1.073700000000000000e+04
1.138300000000000000e+04
1.067800000000000000e+04
1.086800000000000000e+04
1.246800000000000000e+04
1.182800000000000000e+04
1.151500000000000000e+04
1.320000000000000000e+04
1.044200000000000000e+04
1.304200000000000000e+04
1.172800000000000000e+04
1.042600000000000000e+04
1.028600000000000000e+04
8.862000000000000000e+03
1.185700000000000000e+04
9.788000000000000000e+03
1.111000000000000000e+04
9.909000000000000000e+03
9.243000000000000000e+03
9.346000000000000000e+03
1.003400000000000000e+04
1.000600000000000000e+04
8.482000000000000000e+03
1.014600000000000000e+04
1.343500000000000000e+04
7.767000000000000000e+03
9.302000000000000000e+03
9.414000000000000000e+03
1.004900000000000000e+04
9.208000000000000000e+03
1.117300000000000000e+04
1.224100000000000000e+04
1.021100000000000000e+04
1.185500000000000000e+04
9.103000000000000000e+03
1.042100000000000000e+04
1.072900000000000000e+04
9.658000000000000000e+03
1.190300000000000000e+04
9.883000000000000000e+03
9.314000000000000000e+03
1.201200000000000000e+04
1.011900000000000000e+04
1.138200000000000000e+04
1.070300000000000000e+04
1.048000000000000000e+04
1.082000000000000000e+04
1.140400000000000000e+04
1.106700000000000000e+04
1.154200000000000000e+04
1.027200000000000000e+04
1.021800000000000000e+04
1.215700000000000000e+04
8.959000000000000000e+03
1.139700000000000000e+04
1.218000000000000000e+04
1.009200000000000000e+04
9.367000000000000000e+03
1.240900000000000000e+04
1.012600000000000000e+04
1.271800000000000000e+04
1.106900000000000000e+04
8.084000000000000000e+03
1.184700000000000000e+04
9.394000000000000000e+03
1.012400000000000000e+04
1.009800000000000000e+04
1.224100000000000000e+04
1.068800000000000000e+04
9.392000000000000000e+03
1.237400000000000000e+04
1.123200000000000000e+04
1.057600000000000000e+04
1.122200000000000000e+04
9.761000000000000000e+03
9.101000000000000000e+03
1.030200000000000000e+04
1.086100000000000000e+04
1.150200000000000000e+04
1.310400000000000000e+04
9.827000000000000000e+03
1.229800000000000000e+04
7.481000000000000000e+03
1.096600000000000000e+04
9.498000000000000000e+03
8.964000000000000000e+03
1.273200000000000000e+04
1.184400000000000000e+04
1.195800000000000000e+04
9.788000000000000000e+03
1.198200000000000000e+04
1.111000000000000000e+04
9.296000000000000000e+03
1.159100000000000000e+04
1.179000000000000000e+04
1.229700000000000000e+04
1.225000000000000000e+04
9.813000000000000000e+03
1.119900000000000000e+04
9.952000000000000000e+03
1.338400000000000000e+04
1.182400000000000000e+04
8.027000000000000000e+03
1.138400000000000000e+04
1.017200000000000000e+04
9.113000000000000000e+03
1.168200000000000000e+04
1.069900000000000000e+04
9.256000000000000000e+03
1.143000000000000000e+04
9.861000000000000000e+03
7.943000000000000000e+03
1.007900000000000000e+04
1.026900000000000000e+04
1.012700000000000000e+04
1.251600000000000000e+04
8.872000000000000000e+03
1.104800000000000000e+04
9.353000000000000000e+03
1.063600000000000000e+04
1.031400000000000000e+04
1.109600000000000000e+04
1.093200000000000000e+04
7.747000000000000000e+03
1.153800000000000000e+04
1.341200000000000000e+04
1.098800000000000000e+04
1.168600000000000000e+04
8.746000000000000000e+03
1.013100000000000000e+04
1.187700000000000000e+04
1.347300000000000000e+04
1.124400000000000000e+04
1.156300000000000000e+04
1.009400000000000000e+04
1.066700000000000000e+04
1.026700000000000000e+04
8.600000000000000000e+03
9.007000000000000000e+03
1.067800000000000000e+04
1.168600000000000000e+04
9.998000000000000000e+03
8.424000000000000000e+03
9.443000000000000000e+03
8.124000000000000000e+03
1.041100000000000000e+04
1.057700000000000000e+04
9.572000000000000000e+03
1.110100000000000000e+04
8.664000000000000000e+03
1.169800000000000000e+04
9.166000000000000000e+03
1.059000000000000000e+04
9.372000000000000000e+03
1.121800000000000000e+04
1.217000000000000000e+04
1.167800000000000000e+04
1.246000000000000000e+04
1.033200000000000000e+04
1.078600000000000000e+04
9.921000000000000000e+03
1.161900000000000000e+04
1.319800000000000000e+04
8.240000000000000000e+03
1.012600000000000000e+04
9.930000000000000000e+03
1.177500000000000000e+04
9.295000000000000000e+03
1.115500000000000000e+04
9.374000000000000000e+03
1.148500000000000000e+04
1.030000000000000000e+04
1.072300000000000000e+04
1.086100000000000000e+04
1.220200000000000000e+04
1.243000000000000000e+04
8.872000000000000000e+03
1.041000000000000000e+04
1.068200000000000000e+04
1.197000000000000000e+04
1.034600000000000000e+04
1.002700000000000000e+04
9.644000000000000000e+03
1.112700000000000000e+04
1.026600000000000000e+04
1.121700000000000000e+04
1.089200000000000000e+04
1.025000000000000000e+04
1.006200000000000000e+04
1.165400000000000000e+04
1.160300000000000000e+04
9.306000000000000000e+03
9.783000000000000000e+03
1.143900000000000000e+04
9.757000000000000000e+03
1.095800000000000000e+04
1.106400000000000000e+04
9.266000000000000000e+03
1.197800000000000000e+04
1.155600000000000000e+04
1.171500000000000000e+04
1.058100000000000000e+04
1.066000000000000000e+04
1.254200000000000000e+04
1.111300000000000000e+04
1.035900000000000000e+04
1.050800000000000000e+04
9.024000000000000000e+03
1.132000000000000000e+04
1.332800000000000000e+04
1.114200000000000000e+04
1.081800000000000000e+04
1.068000000000000000e+04
1.122700000000000000e+04
8.615000000000000000e+03
1.094300000000000000e+04
1.078400000000000000e+04
1.006400000000000000e+04
9.571000000000000000e+03
1.049200000000000000e+04
1.016900000000000000e+04
9.309000000000000000e+03
1.109800000000000000e+04
7.732000000000000000e+03
9.807000000000000000e+03
9.396000000000000000e+03
9.092000000000000000e+03
9.958000000000000000e+03
1.093600000000000000e+04
1.199800000000000000e+04
1.054700000000000000e+04
1.037900000000000000e+04
1.210200000000000000e+04
1.147300000000000000e+04
1.136700000000000000e+04
8.232000000000000000e+03
9.863000000000000000e+03
1.217600000000000000e+04
1.040400000000000000e+04
1.137000000000000000e+04
1.055600000000000000e+04
1.428500000000000000e+04
1.139400000000000000e+04
1.025400000000000000e+04
1.342000000000000000e+04
1.159300000000000000e+04
1.184200000000000000e+04
1.037200000000000000e+04
1.096200000000000000e+04
8.828000000000000000e+03
1.179600000000000000e+04
9.721000000000000000e+03
1.219800000000000000e+04
1.125900000000000000e+04
1.043400000000000000e+04
1.053100000000000000e+04
1.129700000000000000e+04
9.616000000000000000e+03
1.064900000000000000e+04
1.255000000000000000e+04
1.076600000000000000e+04
1.266600000000000000e+04
1.102100000000000000e+04
9.483000000000000000e+03
1.221700000000000000e+04
9.803000000000000000e+03
8.798000000000000000e+03
1.134200000000000000e+04
1.031800000000000000e+04
1.153400000000000000e+04
1.123300000000000000e+04
1.219200000000000000e+04
9.660000000000000000e+03
8.156000000000000000e+03
1.011400000000000000e+04
1.113000000000000000e+04
1.074400000000000000e+04
8.683000000000000000e+03
1.053100000000000000e+04
9.640000000000000000e+03
1.027000000000000000e+04
1.087800000000000000e+04
1.294400000000000000e+04
1.180200000000000000e+04
9.784000000000000000e+03
9.993000000000000000e+03
9.130000000000000000e+03
1.110100000000000000e+04
9.762000000000000000e+03
1.005800000000000000e+04
1.145400000000000000e+04
1.014000000000000000e+04
8.812000000000000000e+03
1.255100000000000000e+04
1.093000000000000000e+04
1.137100000000000000e+04
8.975000000000000000e+03
1.215300000000000000e+04
9.966000000000000000e+03
1.089600000000000000e+04
9.102000000000000000e+03
9.726000000000000000e+03
9.069000000000000000e+03
1.242200000000000000e+04
9.860000000000000000e+03
1.136500000000000000e+04
1.040500000000000000e+04
1.156800000000000000e+04
1.039300000000000000e+04
1.026200000000000000e+04
1.002600000000000000e+04
1.054900000000000000e+04
1.110100000000000000e+04
1.041600000000000000e+04
1.263900000000000000e+04
1.248300000000000000e+04
1.067400000000000000e+04
1.078800000000000000e+04
9.786000000000000000e+03
1.331000000000000000e+04
8.304000000000000000e+03
9.077000000000000000e+03
1.159700000000000000e+04
1.154700000000000000e+04
1.123500000000000000e+04
9.755000000000000000e+03
9.584000000000000000e+03
9.196000000000000000e+03
1.060800000000000000e+04
1.120300000000000000e+04
9.338000000000000000e+03
1.013200000000000000e+04
9.196000000000000000e+03
9.766000000000000000e+03
1.093200000000000000e+04
9.131000000000000000e+03
8.910000000000000000e+03
1.072800000000000000e+04
9.610000000000000000e+03
1.177600000000000000e+04
8.890000000000000000e+03
8.852000000000000000e+03
1.134800000000000000e+04
8.613000000000000000e+03
1.146200000000000000e+04
1.186400000000000000e+04
1.045300000000000000e+04
1.021700000000000000e+04
1.224800000000000000e+04
1.008500000000000000e+04
1.085200000000000000e+04
1.157100000000000000e+04
1.002100000000000000e+04
1.030700000000000000e+04
9.824000000000000000e+03
1.009600000000000000e+04
1.036400000000000000e+04
1.106100000000000000e+04
1.046300000000000000e+04
1.019500000000000000e+04
9.046000000000000000e+03
1.011600000000000000e+04
1.174900000000000000e+04
1.127900000000000000e+04
1.035600000000000000e+04
1.152100000000000000e+04
1.036000000000000000e+04
8.345000000000000000e+03
9.461000000000000000e+03
8.169000000000000000e+03
9.601000000000000000e+03
1.113300000000000000e+04
9.328000000000000000e+03
1.167000000000000000e+04
1.122800000000000000e+04
1.126800000000000000e+04
1.038000000000000000e+04
1.063700000000000000e+04
1.190000000000000000e+04
8.965000000000000000e+03
9.261000000000000000e+03
1.110300000000000000e+04
9.852000000000000000e+03
8.560000000000000000e+03
1.108600000000000000e+04
1.153200000000000000e+04
9.484000000000000000e+03
9.511000000000000000e+03
1.118600000000000000e+04
1.126900000000000000e+04
1.088400000000000000e+04
1.017600000000000000e+04
1.011800000000000000e+04
1.022400000000000000e+04
9.731000000000000000e+03
1.103600000000000000e+04
1.031500000000000000e+04
9.435000000000000000e+03
1.048700000000000000e+04
1.285600000000000000e+04
9.537000000000000000e+03
1.096300000000000000e+04
1.071700000000000000e+04
1.083400000000000000e+04
1.102200000000000000e+04
1.029200000000000000e+04
9.470000000000000000e+03
1.007900000000000000e+04
1.091800000000000000e+04
9.499000000000000000e+03
1.279900000000000000e+04
1.295700000000000000e+04
8.038000000000000000e+03
1.000200000000000000e+04
1.187200000000000000e+04
1.137400000000000000e+04
1.028600000000000000e+04
1.111000000000000000e+04
9.946000000000000000e+03
1.234100000000000000e+04
9.780000000000000000e+03
1.044900000000000000e+04
1.105700000000000000e+04
1.215300000000000000e+04
1.079400000000000000e+04
1.157800000000000000e+04
1.037400000000000000e+04
1.383700000000000000e+04
1.013000000000000000e+04
1.004200000000000000e+04
1.031100000000000000e+04
1.356600000000000000e+04
1.129300000000000000e+04
1.037400000000000000e+04
1.077700000000000000e+04
1.032200000000000000e+04
9.844000000000000000e+03
8.235000000000000000e+03
1.047300000000000000e+04
1.406100000000000000e+04
9.835000000000000000e+03
1.147900000000000000e+04
1.221600000000000000e+04
8.197000000000000000e+03
1.053900000000000000e+04
9.874000000000000000e+03
1.230100000000000000e+04
9.775000000000000000e+03
1.113600000000000000e+04
9.881000000000000000e+03
1.016800000000000000e+04
1.097400000000000000e+04
1.054200000000000000e+04
9.068000000000000000e+03
9.707000000000000000e+03
1.044000000000000000e+04
1.116300000000000000e+04
1.159000000000000000e+04
1.082600000000000000e+04
1.087600000000000000e+04
9.792000000000000000e+03
8.944000000000000000e+03
1.164200000000000000e+04
1.084100000000000000e+04
1.216400000000000000e+04
1.157400000000000000e+04
1.090100000000000000e+04
1.062700000000000000e+04
1.043900000000000000e+04
1.161200000000000000e+04
8.902000000000000000e+03
9.846000000000000000e+03
1.050600000000000000e+04
9.445000000000000000e+03
9.596000000000000000e+03
1.036400000000000000e+04
1.122600000000000000e+04
1.049000000000000000e+04
1.044000000000000000e+04
1.164000000000000000e+04
1.203100000000000000e+04
1.222800000000000000e+04
1.206900000000000000e+04
1.206200000000000000e+04
1.003600000000000000e+04
8.504000000000000000e+03
1.029800000000000000e+04
1.084900000000000000e+04
8.923000000000000000e+03
1.119900000000000000e+04
1.063400000000000000e+04
1.179400000000000000e+04
1.046300000000000000e+04
1.008600000000000000e+04
9.470000000000000000e+03
1.186400000000000000e+04
9.588000000000000000e+03
1.092000000000000000e+04
8.991000000000000000e+03
1.130600000000000000e+04
1.068900000000000000e+04
1.265800000000000000e+04
1.039100000000000000e+04
1.015700000000000000e+04
1.167300000000000000e+04
1.027100000000000000e+04
1.199800000000000000e+04
1.207900000000000000e+04
9.883000000000000000e+03
1.107100000000000000e+04
1.054300000000000000e+04
9.072000000000000000e+03
1.043600000000000000e+04
1.198100000000000000e+04
1.194700000000000000e+04
1.014900000000000000e+04
9.943000000000000000e+03
9.590000000000000000e+03
9.772000000000000000e+03
1.034600000000000000e+04
1.151300000000000000e+04
1.110200000000000000e+04
1.193000000000000000e+04
8.483000000000000000e+03
1.070300000000000000e+04
1.146400000000000000e+04
9.154000000000000000e+03
1.012200000000000000e+04
1.106400000000000000e+04
1.162300000000000000e+04
1.081300000000000000e+04
9.212000000000000000e+03
9.196000000000000000e+03
1.103400000000000000e+04
9.350000000000000000e+03
9.898000000000000000e+03
8.818000000000000000e+03
1.283400000000000000e+04
1.222300000000000000e+04
1.246800000000000000e+04
1.205100000000000000e+04
1.017400000000000000e+04
1.069200000000000000e+04
1.181800000000000000e+04
1.130200000000000000e+04
9.304000000000000000e+03
9.533000000000000000e+03
9.702000000000000000e+03
8.957000000000000000e+03
9.826000000000000000e+03
9.868000000000000000e+03
1.101700000000000000e+04
1.033500000000000000e+04
1.161700000000000000e+04
9.916000000000000000e+03
1.045500000000000000e+04
1.146400000000000000e+04
9.209000000000000000e+03
1.094700000000000000e+04
1.129500000000000000e+04
1.096900000000000000e+04
1.089700000000000000e+04
1.161500000000000000e+04
1.025500000000000000e+04
1.133200000000000000e+04
1.313600000000000000e+04
1.105500000000000000e+04
1.142400000000000000e+04
1.212800000000000000e+04
9.812000000000000000e+03
1.210800000000000000e+04
1.000800000000000000e+04
1.079300000000000000e+04
9.379000000000000000e+03
1.056400000000000000e+04
9.350000000000000000e+03
1.034100000000000000e+04
9.670000000000000000e+03
1.170500000000000000e+04
1.016400000000000000e+04
1.177500000000000000e+04
1.119000000000000000e+04
1.122200000000000000e+04
9.230000000000000000e+03
1.251100000000000000e+04
1.050400000000000000e+04
8.001000000000000000e+03
9.224000000000000000e+03
9.824000000000000000e+03
1.102500000000000000e+04
1.205100000000000000e+04
9.793000000000000000e+03
9.232000000000000000e+03
1.285700000000000000e+04
1.016400000000000000e+04
8.850000000000000000e+03
1.252400000000000000e+04
1.095100000000000000e+04
9.997000000000000000e+03
9.046000000000000000e+03
7.760000000000000000e+03
8.300000000000000000e+03
9.428000000000000000e+03
1.110900000000000000e+04
1.090400000000000000e+04
1.034800000000000000e+04
1.079600000000000000e+04
1.303200000000000000e+04
9.932000000000000000e+03
1.164700000000000000e+04
9.764000000000000000e+03
9.990000000000000000e+03
1.101500000000000000e+04
8.890000000000000000e+03
9.043000000000000000e+03
1.144400000000000000e+04
8.325000000000000000e+03
1.083100000000000000e+04
1.186400000000000000e+04
1.121100000000000000e+04
1.168400000000000000e+04
1.025700000000000000e+04
1.132900000000000000e+04
1.041600000000000000e+04
1.104400000000000000e+04
1.004400000000000000e+04
1.216300000000000000e+04
1.011900000000000000e+04
1.306900000000000000e+04
9.974000000000000000e+03
1.184600000000000000e+04
1.189400000000000000e+04
9.600000000000000000e+03
1.219100000000000000e+04
1.115100000000000000e+04
1.164300000000000000e+04
9.965000000000000000e+03
1.292100000000000000e+04
1.075700000000000000e+04
9.964000000000000000e+03
9.208000000000000000e+03
8.801000000000000000e+03
1.045000000000000000e+04
1.042000000000000000e+04
9.979000000000000000e+03
1.050200000000000000e+04
1.150600000000000000e+04
1.264800000000000000e+04
1.036500000000000000e+04
8.186000000000000000e+03
9.072000000000000000e+03
1.081300000000000000e+04
9.690000000000000000e+03
1.025200000000000000e+04
1.033000000000000000e+04
9.383000000000000000e+03
1.092800000000000000e+04
1.000200000000000000e+04
8.671000000000000000e+03
1.276300000000000000e+04
1.145800000000000000e+04
1.091100000000000000e+04
9.879000000000000000e+03
1.135000000000000000e+04
1.102300000000000000e+04
1.210100000000000000e+04
1.348400000000000000e+04
1.057200000000000000e+04
1.166900000000000000e+04
1.245900000000000000e+04
1.226600000000000000e+04
1.123600000000000000e+04
1.166600000000000000e+04
9.055000000000000000e+03
8.994000000000000000e+03
9.796000000000000000e+03
1.302000000000000000e+04
1.092700000000000000e+04
8.312000000000000000e+03
9.273000000000000000e+03
9.918000000000000000e+03
1.038300000000000000e+04
1.257800000000000000e+04
1.062700000000000000e+04
1.113800000000000000e+04
9.420000000000000000e+03
9.379000000000000000e+03
9.452000000000000000e+03
1.047400000000000000e+04
1.187700000000000000e+04
1.014500000000000000e+04
1.115400000000000000e+04
1.062900000000000000e+04
9.688000000000000000e+03
9.351000000000000000e+03
1.269300000000000000e+04
1.226200000000000000e+04
1.134600000000000000e+04
9.586000000000000000e+03
1.224900000000000000e+04
1.093600000000000000e+04
1.064100000000000000e+04
1.023900000000000000e+04
1.155500000000000000e+04
1.086400000000000000e+04
1.068300000000000000e+04
1.158200000000000000e+04
1.036500000000000000e+04
1.209700000000000000e+04
1.093200000000000000e+04
1.145100000000000000e+04
1.247200000000000000e+04
9.563000000000000000e+03
1.032600000000000000e+04
1.106800000000000000e+04
1.153700000000000000e+04
1.079000000000000000e+04
1.170500000000000000e+04
9.648000000000000000e+03
1.041500000000000000e+04
8.470000000000000000e+03
1.073600000000000000e+04
1.080700000000000000e+04
9.441000000000000000e+03
9.996000000000000000e+03
9.077000000000000000e+03
1.131600000000000000e+04
9.978000000000000000e+03
1.265900000000000000e+04
1.057200000000000000e+04
9.184000000000000000e+03
9.516000000000000000e+03
1.035600000000000000e+04
9.993000000000000000e+03
1.129500000000000000e+04
1.099000000000000000e+04
9.811000000000000000e+03
1.055600000000000000e+04
1.143600000000000000e+04
9.024000000000000000e+03
1.045800000000000000e+04
9.210000000000000000e+03
1.206700000000000000e+04
1.270900000000000000e+04
1.124400000000000000e+04
1.020500000000000000e+04
1.025000000000000000e+04
1.030300000000000000e+04
1.088700000000000000e+04
9.552000000000000000e+03
1.126300000000000000e+04
9.088000000000000000e+03
8.765000000000000000e+03
1.186400000000000000e+04
9.910000000000000000e+03
8.501000000000000000e+03
1.073100000000000000e+04
1.095300000000000000e+04
1.151600000000000000e+04
1.288900000000000000e+04
1.082000000000000000e+04
1.070300000000000000e+04
1.195800000000000000e+04
1.178800000000000000e+04
8.280000000000000000e+03
1.241400000000000000e+04
9.087000000000000000e+03
1.062600000000000000e+04
9.570000000000000000e+03
1.109700000000000000e+04
1.086300000000000000e+04
1.277800000000000000e+04
1.023600000000000000e+04
1.052200000000000000e+04
8.249000000000000000e+03
9.337000000000000000e+03
8.342000000000000000e+03
1.108500000000000000e+04
1.122100000000000000e+04
1.235000000000000000e+04
1.184300000000000000e+04
9.302000000000000000e+03
9.930000000000000000e+03
1.093600000000000000e+04
1.133900000000000000e+04
1.056500000000000000e+04
1.043200000000000000e+04
1.035900000000000000e+04
1.076500000000000000e+04
1.073500000000000000e+04
1.014400000000000000e+04
1.000600000000000000e+04
1.052100000000000000e+04
8.917000000000000000e+03
9.454000000000000000e+03
1.315100000000000000e+04
1.148900000000000000e+04
1.008100000000000000e+04
1.164000000000000000e+04
1.338700000000000000e+04
1.002400000000000000e+04
1.290600000000000000e+04
1.166900000000000000e+04
1.221000000000000000e+04
9.630000000000000000e+03
1.177100000000000000e+04
1.003500000000000000e+04
9.137000000000000000e+03
9.263000000000000000e+03
9.550000000000000000e+03
1.133100000000000000e+04
1.016400000000000000e+04
1.021600000000000000e+04
9.220000000000000000e+03
1.088200000000000000e+04
1.021300000000000000e+04
1.233900000000000000e+04
1.230600000000000000e+04
1.136000000000000000e+04
8.824000000000000000e+03
9.615000000000000000e+03
1.088200000000000000e+04
1.000700000000000000e+04
1.040500000000000000e+04
1.210900000000000000e+04
9.670000000000000000e+03
9.040000000000000000e+03
1.120400000000000000e+04
1.047600000000000000e+04
1.216800000000000000e+04
1.168200000000000000e+04
1.041200000000000000e+04
1.202300000000000000e+04
1.148800000000000000e+04
1.197000000000000000e+04
