1.392500000000000000e+04
1.473400000000000000e+04
1.734800000000000000e+04
1.758200000000000000e+04
1.560100000000000000e+04
1.795800000000000000e+04
1.833900000000000000e+04
1.666900000000000000e+04
1.914600000000000000e+04
1.930300000000000000e+04
1.897600000000000000e+04
1.977500000000000000e+04
2.008400000000000000e+04
1.822900000000000000e+04
2.045500000000000000e+04
1.759200000000000000e+04
1.899800000000000000e+04
1.987400000000000000e+04
1.931300000000000000e+04
1.942800000000000000e+04
1.937600000000000000e+04
1.992700000000000000e+04
1.955300000000000000e+04
1.962800000000000000e+04
2.162000000000000000e+04
2.075200000000000000e+04
2.044800000000000000e+04
1.993500000000000000e+04
2.159600000000000000e+04
2.349400000000000000e+04
2.134100000000000000e+04
2.330200000000000000e+04
2.355700000000000000e+04
2.275500000000000000e+04
2.257100000000000000e+04
2.245900000000000000e+04
2.380100000000000000e+04
2.290200000000000000e+04
2.395200000000000000e+04
2.246200000000000000e+04
2.415400000000000000e+04
2.444300000000000000e+04
2.202900000000000000e+04
2.463400000000000000e+04
2.431300000000000000e+04
2.507900000000000000e+04
2.024800000000000000e+04
2.423000000000000000e+04
2.485700000000000000e+04
2.479900000000000000e+04
2.588100000000000000e+04
2.577000000000000000e+04
2.466100000000000000e+04
2.517100000000000000e+04
2.582000000000000000e+04
2.291000000000000000e+04
2.327700000000000000e+04
2.439800000000000000e+04
2.196600000000000000e+04
2.605500000000000000e+04
2.830700000000000000e+04
2.796900000000000000e+04
2.641700000000000000e+04
2.585000000000000000e+04
2.642300000000000000e+04
2.745100000000000000e+04
2.910300000000000000e+04
2.754700000000000000e+04
2.819100000000000000e+04
2.681200000000000000e+04
2.726500000000000000e+04
2.640700000000000000e+04
2.824700000000000000e+04
2.878200000000000000e+04
2.279700000000000000e+04
2.906900000000000000e+04
2.849700000000000000e+04
2.812700000000000000e+04
2.869300000000000000e+04
3.068200000000000000e+04
3.069600000000000000e+04
2.961600000000000000e+04
2.975400000000000000e+04
3.161000000000000000e+04
3.043000000000000000e+04
2.731000000000000000e+04
3.268400000000000000e+04
3.036300000000000000e+04
3.259000000000000000e+04
1.387000000000000000e+04
3.269000000000000000e+04
3.102700000000000000e+04
3.442500000000000000e+04
3.308600000000000000e+04
3.261800000000000000e+04
1.461000000000000000e+04
3.162500000000000000e+04
1.929700000000000000e+04
1.549900000000000000e+04
1.534500000000000000e+04
2.280100000000000000e+04
1.628900000000000000e+04
2.103000000000000000e+04
1.775900000000000000e+04
2.099700000000000000e+04
2.299600000000000000e+04
3.631900000000000000e+04
1.486300000000000000e+04
2.266100000000000000e+04
2.232800000000000000e+04
2.290900000000000000e+04
1.766500000000000000e+04
1.719500000000000000e+04
1.922000000000000000e+04
2.150400000000000000e+04
2.833200000000000000e+04
2.414000000000000000e+04
2.523200000000000000e+04
2.891300000000000000e+04
2.283800000000000000e+04
1.471700000000000000e+04
1.802800000000000000e+04
2.417600000000000000e+04
2.529500000000000000e+04
2.500700000000000000e+04
2.280700000000000000e+04
2.145000000000000000e+04
2.174600000000000000e+04
1.798100000000000000e+04
2.312300000000000000e+04
2.260600000000000000e+04
2.070600000000000000e+04
2.139400000000000000e+04
1.843000000000000000e+04
2.489700000000000000e+04
2.156400000000000000e+04
2.784700000000000000e+04
2.385800000000000000e+04
1.911300000000000000e+04
3.134500000000000000e+04
2.885400000000000000e+04
2.282000000000000000e+04
2.977900000000000000e+04
2.185700000000000000e+04
2.149500000000000000e+04
2.000400000000000000e+04
2.897800000000000000e+04
2.789300000000000000e+04
2.240500000000000000e+04
2.444300000000000000e+04
2.518900000000000000e+04
2.353600000000000000e+04
2.870200000000000000e+04
3.229800000000000000e+04
2.649600000000000000e+04
1.989700000000000000e+04
2.580500000000000000e+04
2.367600000000000000e+04
1.805300000000000000e+04
2.252400000000000000e+04
2.882700000000000000e+04
2.628700000000000000e+04
2.415700000000000000e+04
2.898200000000000000e+04
2.100700000000000000e+04
2.155300000000000000e+04
2.333300000000000000e+04
2.537200000000000000e+04
2.658100000000000000e+04
2.132300000000000000e+04
2.469000000000000000e+04
3.497400000000000000e+04
3.375100000000000000e+04
2.667000000000000000e+04
2.276000000000000000e+04
2.187100000000000000e+04
2.889700000000000000e+04
2.582200000000000000e+04
1.652800000000000000e+04
2.710400000000000000e+04
3.151000000000000000e+04
2.931400000000000000e+04
2.931400000000000000e+04
1.824700000000000000e+04
2.060200000000000000e+04
2.965200000000000000e+04
2.514400000000000000e+04
2.536300000000000000e+04
3.298400000000000000e+04
1.933600000000000000e+04
2.988200000000000000e+04
3.637300000000000000e+04
1.714800000000000000e+04
3.240500000000000000e+04
1.824500000000000000e+04
2.977200000000000000e+04
3.131300000000000000e+04
2.091600000000000000e+04
1.947900000000000000e+04
2.250700000000000000e+04
2.639600000000000000e+04
2.157800000000000000e+04
3.496200000000000000e+04
2.166500000000000000e+04
2.647500000000000000e+04
2.257700000000000000e+04
1.737100000000000000e+04
2.224800000000000000e+04
3.082400000000000000e+04
2.219800000000000000e+04
2.413000000000000000e+04
1.662100000000000000e+04
2.289400000000000000e+04
2.301100000000000000e+04
2.075500000000000000e+04
2.449900000000000000e+04
1.598300000000000000e+04
1.803100000000000000e+04
2.305000000000000000e+04
2.178000000000000000e+04
2.327300000000000000e+04
2.293400000000000000e+04
2.149400000000000000e+04
2.665900000000000000e+04
2.794200000000000000e+04
3.788800000000000000e+04
2.091800000000000000e+04
2.429300000000000000e+04
3.043800000000000000e+04
3.189100000000000000e+04
2.849800000000000000e+04
2.105300000000000000e+04
2.755900000000000000e+04
2.342500000000000000e+04
2.594000000000000000e+04
2.088400000000000000e+04
3.066200000000000000e+04
2.610400000000000000e+04
2.518900000000000000e+04
3.072900000000000000e+04
1.808000000000000000e+04
2.377700000000000000e+04
2.034300000000000000e+04
2.682900000000000000e+04
2.426400000000000000e+04
2.251200000000000000e+04
2.676900000000000000e+04
1.920000000000000000e+04
3.030500000000000000e+04
2.417100000000000000e+04
2.343200000000000000e+04
2.673700000000000000e+04
2.096400000000000000e+04
2.028700000000000000e+04
2.714100000000000000e+04
3.544900000000000000e+04
2.276600000000000000e+04
1.350600000000000000e+04
3.217900000000000000e+04
2.386500000000000000e+04
3.462100000000000000e+04
3.870700000000000000e+04
1.727500000000000000e+04
3.239300000000000000e+04
2.714800000000000000e+04
1.522900000000000000e+04
2.867200000000000000e+04
3.278400000000000000e+04
3.061100000000000000e+04
3.280900000000000000e+04
2.325300000000000000e+04
2.967000000000000000e+04
2.061200000000000000e+04
2.840500000000000000e+04
2.472800000000000000e+04
2.155200000000000000e+04
2.621500000000000000e+04
2.537600000000000000e+04
3.427300000000000000e+04
2.538700000000000000e+04
2.204700000000000000e+04
2.707500000000000000e+04
2.390900000000000000e+04
1.741400000000000000e+04
2.029000000000000000e+04
1.962800000000000000e+04
3.110100000000000000e+04
1.256400000000000000e+04
2.439600000000000000e+04
3.831800000000000000e+04
3.323200000000000000e+04
1.909300000000000000e+04
2.744100000000000000e+04
2.004600000000000000e+04
2.211300000000000000e+04
1.943500000000000000e+04
3.211700000000000000e+04
1.938500000000000000e+04
2.468300000000000000e+04
2.616600000000000000e+04
3.385400000000000000e+04
1.862400000000000000e+04
2.515200000000000000e+04
2.398300000000000000e+04
2.863900000000000000e+04
2.490000000000000000e+04
2.638300000000000000e+04
3.501700000000000000e+04
1.976800000000000000e+04
3.152400000000000000e+04
1.848900000000000000e+04
2.430100000000000000e+04
2.237900000000000000e+04
2.269800000000000000e+04
2.519100000000000000e+04
2.680300000000000000e+04
2.632100000000000000e+04
2.394700000000000000e+04
2.778500000000000000e+04
2.532100000000000000e+04
1.799500000000000000e+04
2.622100000000000000e+04
2.845200000000000000e+04
2.137800000000000000e+04
3.188600000000000000e+04
2.722500000000000000e+04
1.849600000000000000e+04
3.104200000000000000e+04
3.449900000000000000e+04
2.701500000000000000e+04
3.058400000000000000e+04
2.642500000000000000e+04
2.079600000000000000e+04
1.625900000000000000e+04
2.903300000000000000e+04
2.161700000000000000e+04
2.022600000000000000e+04
3.027700000000000000e+04
3.075200000000000000e+04
2.484000000000000000e+04
1.962100000000000000e+04
1.798700000000000000e+04
3.552300000000000000e+04
1.828000000000000000e+04
3.063200000000000000e+04
2.458800000000000000e+04
2.316600000000000000e+04
2.039000000000000000e+04
2.293000000000000000e+04
2.488500000000000000e+04
2.575300000000000000e+04
1.808100000000000000e+04
2.483000000000000000e+04
1.558700000000000000e+04
2.636600000000000000e+04
1.933300000000000000e+04
2.720300000000000000e+04
2.521200000000000000e+04
2.458200000000000000e+04
2.642700000000000000e+04
2.635600000000000000e+04
3.400300000000000000e+04
2.284100000000000000e+04
1.682700000000000000e+04
3.102100000000000000e+04
2.805500000000000000e+04
1.579200000000000000e+04
2.797200000000000000e+04
2.608200000000000000e+04
2.769600000000000000e+04
2.308000000000000000e+04
2.277900000000000000e+04
1.411700000000000000e+04
2.302900000000000000e+04
1.914500000000000000e+04
2.638200000000000000e+04
1.936600000000000000e+04
1.972900000000000000e+04
2.883600000000000000e+04
2.535800000000000000e+04
2.067300000000000000e+04
2.767500000000000000e+04
1.802400000000000000e+04
2.928400000000000000e+04
3.587800000000000000e+04
1.757300000000000000e+04
2.161500000000000000e+04
1.603100000000000000e+04
2.771900000000000000e+04
2.095200000000000000e+04
3.451100000000000000e+04
2.316800000000000000e+04
2.343700000000000000e+04
2.792200000000000000e+04
1.772800000000000000e+04
4.511600000000000000e+04
3.814500000000000000e+04
1.864500000000000000e+04
2.646900000000000000e+04
2.537900000000000000e+04
2.992200000000000000e+04
1.970400000000000000e+04
2.497800000000000000e+04
2.478200000000000000e+04
2.480300000000000000e+04
2.365600000000000000e+04
2.135500000000000000e+04
1.689000000000000000e+04
1.996600000000000000e+04
3.084800000000000000e+04
2.789900000000000000e+04
2.100600000000000000e+04
2.351800000000000000e+04
3.880400000000000000e+04
2.629000000000000000e+04
2.401800000000000000e+04
1.679700000000000000e+04
2.568500000000000000e+04
2.033800000000000000e+04
1.791800000000000000e+04
2.235700000000000000e+04
2.211400000000000000e+04
1.677000000000000000e+04
1.948600000000000000e+04
2.120700000000000000e+04
1.786800000000000000e+04
2.309700000000000000e+04
2.678600000000000000e+04
2.781300000000000000e+04
2.665300000000000000e+04
1.988600000000000000e+04
1.678000000000000000e+04
3.614500000000000000e+04
2.233500000000000000e+04
3.321800000000000000e+04
1.659600000000000000e+04
2.771500000000000000e+04
3.343200000000000000e+04
3.032600000000000000e+04
2.140000000000000000e+04
1.622600000000000000e+04
2.787100000000000000e+04
3.280800000000000000e+04
2.573400000000000000e+04
2.022100000000000000e+04
2.520600000000000000e+04
2.086000000000000000e+04
2.103500000000000000e+04
3.371000000000000000e+04
1.824700000000000000e+04
1.922200000000000000e+04
2.388700000000000000e+04
2.130900000000000000e+04
2.868000000000000000e+04
2.150100000000000000e+04
4.048000000000000000e+04
2.666400000000000000e+04
1.870500000000000000e+04
3.113600000000000000e+04
3.761400000000000000e+04
2.390700000000000000e+04
2.098300000000000000e+04
2.449200000000000000e+04
2.936300000000000000e+04
3.106200000000000000e+04
2.654000000000000000e+04
2.480400000000000000e+04
2.774200000000000000e+04
2.129100000000000000e+04
1.904500000000000000e+04
3.283500000000000000e+04
2.360900000000000000e+04
2.057200000000000000e+04
2.819800000000000000e+04
2.054500000000000000e+04
1.867000000000000000e+04
2.828900000000000000e+04
1.999100000000000000e+04
1.765100000000000000e+04
2.077500000000000000e+04
2.519000000000000000e+04
2.528100000000000000e+04
2.253100000000000000e+04
3.013000000000000000e+04
3.308100000000000000e+04
3.025500000000000000e+04
2.979900000000000000e+04
1.794600000000000000e+04
1.424100000000000000e+04
2.640200000000000000e+04
2.040900000000000000e+04
2.616600000000000000e+04
2.865900000000000000e+04
2.608000000000000000e+04
2.197500000000000000e+04
2.372400000000000000e+04
1.651900000000000000e+04
2.183700000000000000e+04
1.696800000000000000e+04
2.230900000000000000e+04
2.465200000000000000e+04
2.378500000000000000e+04
2.516500000000000000e+04
2.639500000000000000e+04
3.109400000000000000e+04
2.376000000000000000e+04
3.271300000000000000e+04
3.587200000000000000e+04
3.184100000000000000e+04
2.023700000000000000e+04
2.672900000000000000e+04
2.361500000000000000e+04
1.969000000000000000e+04
2.688400000000000000e+04
2.406700000000000000e+04
2.279400000000000000e+04
2.855100000000000000e+04
2.744600000000000000e+04
3.071800000000000000e+04
3.703600000000000000e+04
2.658300000000000000e+04
1.798000000000000000e+04
3.399400000000000000e+04
2.881200000000000000e+04
1.381600000000000000e+04
2.751900000000000000e+04
3.813200000000000000e+04
2.001100000000000000e+04
2.209400000000000000e+04
3.156400000000000000e+04
2.726800000000000000e+04
2.158300000000000000e+04
2.791700000000000000e+04
2.022700000000000000e+04
2.148600000000000000e+04
2.042500000000000000e+04
2.493900000000000000e+04
2.083600000000000000e+04
3.344300000000000000e+04
3.114300000000000000e+04
2.869300000000000000e+04
2.143000000000000000e+04
3.285200000000000000e+04
2.796200000000000000e+04
2.058300000000000000e+04
2.120900000000000000e+04
2.361200000000000000e+04
2.457300000000000000e+04
2.141100000000000000e+04
1.851800000000000000e+04
2.370500000000000000e+04
2.615200000000000000e+04
2.423500000000000000e+04
3.271200000000000000e+04
2.444400000000000000e+04
2.349100000000000000e+04
3.351000000000000000e+04
2.173000000000000000e+04
2.416600000000000000e+04
2.350400000000000000e+04
2.456400000000000000e+04
1.799400000000000000e+04
1.938800000000000000e+04
1.520900000000000000e+04
2.331300000000000000e+04
2.477700000000000000e+04
3.192300000000000000e+04
2.264500000000000000e+04
2.458800000000000000e+04
2.905500000000000000e+04
2.931400000000000000e+04
1.909000000000000000e+04
2.611200000000000000e+04
1.653900000000000000e+04
2.690900000000000000e+04
2.359900000000000000e+04
2.578400000000000000e+04
2.637400000000000000e+04
2.228100000000000000e+04
2.323800000000000000e+04
2.810500000000000000e+04
2.827600000000000000e+04
2.015300000000000000e+04
2.231100000000000000e+04
2.534300000000000000e+04
2.821400000000000000e+04
2.126800000000000000e+04
2.513800000000000000e+04
2.953900000000000000e+04
2.873600000000000000e+04
2.724500000000000000e+04
2.535300000000000000e+04
2.262900000000000000e+04
2.230600000000000000e+04
3.119900000000000000e+04
3.291700000000000000e+04
2.221700000000000000e+04
2.666500000000000000e+04
2.671900000000000000e+04
2.971700000000000000e+04
2.676100000000000000e+04
1.485500000000000000e+04
3.048400000000000000e+04
2.993500000000000000e+04
4.126700000000000000e+04
2.427400000000000000e+04
1.945300000000000000e+04
2.396100000000000000e+04
2.563000000000000000e+04
2.363100000000000000e+04
2.590200000000000000e+04
1.671900000000000000e+04
2.483600000000000000e+04
2.364000000000000000e+04
2.667900000000000000e+04
3.151800000000000000e+04
1.922500000000000000e+04
2.328100000000000000e+04
3.231500000000000000e+04
2.750700000000000000e+04
3.299100000000000000e+04
2.417200000000000000e+04
2.836000000000000000e+04
2.599900000000000000e+04
2.333800000000000000e+04
2.086900000000000000e+04
2.652700000000000000e+04
1.801500000000000000e+04
2.458400000000000000e+04
1.764000000000000000e+04
1.715500000000000000e+04
1.735900000000000000e+04
1.933600000000000000e+04
2.748400000000000000e+04
2.595500000000000000e+04
2.705900000000000000e+04
2.371500000000000000e+04
2.826300000000000000e+04
2.865100000000000000e+04
1.626800000000000000e+04
1.956900000000000000e+04
3.744300000000000000e+04
1.895200000000000000e+04
2.832900000000000000e+04
1.671800000000000000e+04
2.760700000000000000e+04
2.886500000000000000e+04
3.116100000000000000e+04
2.918200000000000000e+04
3.093100000000000000e+04
2.975400000000000000e+04
2.242000000000000000e+04
2.661200000000000000e+04
1.752600000000000000e+04
2.100700000000000000e+04
2.469100000000000000e+04
3.116100000000000000e+04
1.926900000000000000e+04
1.942900000000000000e+04
1.992900000000000000e+04
1.946800000000000000e+04
2.294700000000000000e+04
3.398600000000000000e+04
3.160600000000000000e+04
1.140800000000000000e+04
2.300900000000000000e+04
2.639300000000000000e+04
2.482200000000000000e+04
1.746700000000000000e+04
2.441500000000000000e+04
2.896900000000000000e+04
1.732000000000000000e+04
3.211500000000000000e+04
2.301100000000000000e+04
2.021100000000000000e+04
1.559000000000000000e+04
1.569600000000000000e+04
2.753700000000000000e+04
2.453000000000000000e+04
2.694500000000000000e+04
2.324500000000000000e+04
3.177300000000000000e+04
2.100000000000000000e+04
2.300600000000000000e+04
2.672400000000000000e+04
1.958600000000000000e+04
2.888400000000000000e+04
1.965600000000000000e+04
2.276700000000000000e+04
2.949300000000000000e+04
1.415700000000000000e+04
3.013200000000000000e+04
2.325500000000000000e+04
1.914600000000000000e+04
2.158700000000000000e+04
3.403400000000000000e+04
3.844200000000000000e+04
2.265300000000000000e+04
2.775000000000000000e+04
2.423400000000000000e+04
1.938600000000000000e+04
1.952000000000000000e+04
2.994300000000000000e+04
3.653100000000000000e+04
2.623600000000000000e+04
2.340000000000000000e+04
3.266800000000000000e+04
2.254800000000000000e+04
2.672500000000000000e+04
1.911500000000000000e+04
2.364700000000000000e+04
1.855600000000000000e+04
3.707200000000000000e+04
2.230000000000000000e+04
1.645700000000000000e+04
3.548000000000000000e+04
1.964100000000000000e+04
2.858800000000000000e+04
2.004900000000000000e+04
1.832300000000000000e+04
4.172900000000000000e+04
2.935800000000000000e+04
2.051700000000000000e+04
2.231400000000000000e+04
2.377600000000000000e+04
1.942400000000000000e+04
2.873900000000000000e+04
3.345900000000000000e+04
2.169700000000000000e+04
1.975600000000000000e+04
1.790600000000000000e+04
1.438200000000000000e+04
3.367500000000000000e+04
2.797200000000000000e+04
3.092800000000000000e+04
2.424600000000000000e+04
1.849400000000000000e+04
3.265900000000000000e+04
2.866300000000000000e+04
1.979100000000000000e+04
2.689500000000000000e+04
2.311300000000000000e+04
3.445000000000000000e+04
3.137500000000000000e+04
2.741000000000000000e+04
2.045200000000000000e+04
2.314600000000000000e+04
2.515100000000000000e+04
2.504800000000000000e+04
2.159600000000000000e+04
1.420500000000000000e+04
2.928900000000000000e+04
2.557700000000000000e+04
2.608900000000000000e+04
1.801100000000000000e+04
3.726200000000000000e+04
3.607600000000000000e+04
1.766100000000000000e+04
2.830300000000000000e+04
3.226600000000000000e+04
2.210200000000000000e+04
3.080300000000000000e+04
2.346100000000000000e+04
1.957000000000000000e+04
3.450700000000000000e+04
2.039200000000000000e+04
2.699000000000000000e+04
2.170200000000000000e+04
2.556700000000000000e+04
1.729100000000000000e+04
2.028200000000000000e+04
2.499100000000000000e+04
2.236500000000000000e+04
2.433700000000000000e+04
2.703700000000000000e+04
1.535800000000000000e+04
2.394000000000000000e+04
1.874500000000000000e+04
3.485500000000000000e+04
1.756000000000000000e+04
1.669100000000000000e+04
2.971200000000000000e+04
3.050100000000000000e+04
2.507400000000000000e+04
2.798500000000000000e+04
3.258500000000000000e+04
3.544900000000000000e+04
1.485400000000000000e+04
1.785000000000000000e+04
2.018700000000000000e+04
2.493700000000000000e+04
2.805600000000000000e+04
2.029100000000000000e+04
1.535300000000000000e+04
2.543000000000000000e+04
2.493200000000000000e+04
3.141100000000000000e+04
2.364000000000000000e+04
2.124900000000000000e+04
2.554900000000000000e+04
1.827400000000000000e+04
1.603300000000000000e+04
2.979300000000000000e+04
2.400700000000000000e+04
1.967300000000000000e+04
2.962200000000000000e+04
2.528500000000000000e+04
4.074400000000000000e+04
2.356600000000000000e+04
1.628900000000000000e+04
2.632600000000000000e+04
2.474000000000000000e+04
1.890900000000000000e+04
1.979700000000000000e+04
2.693800000000000000e+04
2.664100000000000000e+04
3.342400000000000000e+04
2.650900000000000000e+04
1.961000000000000000e+04
2.816700000000000000e+04
2.019700000000000000e+04
2.237000000000000000e+04
2.238200000000000000e+04
3.144100000000000000e+04
2.090000000000000000e+04
2.388900000000000000e+04
2.000800000000000000e+04
1.805300000000000000e+04
2.962800000000000000e+04
2.695700000000000000e+04
2.601100000000000000e+04
2.479900000000000000e+04
2.234000000000000000e+04
2.363900000000000000e+04
2.889300000000000000e+04
3.820200000000000000e+04
2.196900000000000000e+04
2.818000000000000000e+04
2.517400000000000000e+04
2.705400000000000000e+04
3.734700000000000000e+04
2.181600000000000000e+04
2.886400000000000000e+04
2.456800000000000000e+04
2.081900000000000000e+04
2.716700000000000000e+04
3.685900000000000000e+04
1.412500000000000000e+04
3.262200000000000000e+04
2.349500000000000000e+04
2.701000000000000000e+04
2.985600000000000000e+04
2.868300000000000000e+04
2.053500000000000000e+04
2.127800000000000000e+04
3.656700000000000000e+04
2.092700000000000000e+04
3.037400000000000000e+04
3.229500000000000000e+04
2.361800000000000000e+04
2.558700000000000000e+04
2.091500000000000000e+04
3.407600000000000000e+04
2.291300000000000000e+04
1.786600000000000000e+04
1.666300000000000000e+04
2.224200000000000000e+04
2.326200000000000000e+04
2.337000000000000000e+04
2.541700000000000000e+04
2.609600000000000000e+04
2.321200000000000000e+04
2.762000000000000000e+04
2.351800000000000000e+04
1.831900000000000000e+04
2.625300000000000000e+04
2.483900000000000000e+04
2.012300000000000000e+04
2.182500000000000000e+04
3.283700000000000000e+04
2.371000000000000000e+04
2.568400000000000000e+04
2.582500000000000000e+04
3.640000000000000000e+04
2.278400000000000000e+04
2.926300000000000000e+04
2.579200000000000000e+04
2.288000000000000000e+04
1.969000000000000000e+04
2.251200000000000000e+04
2.725500000000000000e+04
2.316900000000000000e+04
1.637800000000000000e+04
2.664200000000000000e+04
2.115300000000000000e+04
3.159400000000000000e+04
1.700700000000000000e+04
2.711300000000000000e+04
1.618300000000000000e+04
3.119300000000000000e+04
3.473700000000000000e+04
2.930800000000000000e+04
2.293600000000000000e+04
1.804100000000000000e+04
2.295800000000000000e+04
1.816800000000000000e+04
3.011400000000000000e+04
2.850700000000000000e+04
3.026000000000000000e+04
2.323100000000000000e+04
2.071000000000000000e+04
2.826800000000000000e+04
2.805100000000000000e+04
3.032000000000000000e+04
2.896400000000000000e+04
3.034600000000000000e+04
3.125100000000000000e+04
2.461400000000000000e+04
2.265500000000000000e+04
2.650700000000000000e+04
3.996400000000000000e+04
2.001800000000000000e+04
2.256300000000000000e+04
1.290900000000000000e+04
2.297600000000000000e+04
1.914000000000000000e+04
1.750900000000000000e+04
2.673700000000000000e+04
2.426700000000000000e+04
2.448100000000000000e+04
2.414100000000000000e+04
2.374900000000000000e+04
2.874600000000000000e+04
2.134200000000000000e+04
2.440500000000000000e+04
1.442100000000000000e+04
2.474400000000000000e+04
3.634000000000000000e+04
2.859400000000000000e+04
2.626900000000000000e+04
4.504800000000000000e+04
1.863700000000000000e+04
3.375700000000000000e+04
2.234000000000000000e+04
2.391100000000000000e+04
2.474000000000000000e+04
2.468000000000000000e+04
2.276900000000000000e+04
3.882800000000000000e+04
2.055800000000000000e+04
3.217200000000000000e+04
2.075000000000000000e+04
2.401100000000000000e+04
1.842200000000000000e+04
2.137600000000000000e+04
2.452200000000000000e+04
2.319700000000000000e+04
3.156700000000000000e+04
1.430800000000000000e+04
2.026600000000000000e+04
2.733100000000000000e+04
2.470200000000000000e+04
3.545600000000000000e+04
2.351900000000000000e+04
3.929800000000000000e+04
1.897400000000000000e+04
3.137400000000000000e+04
2.246100000000000000e+04
3.173100000000000000e+04
3.107000000000000000e+04
2.289400000000000000e+04
2.262100000000000000e+04
2.364400000000000000e+04
1.920700000000000000e+04
3.626900000000000000e+04
2.322200000000000000e+04
2.553000000000000000e+04
2.916900000000000000e+04
1.972600000000000000e+04
2.636700000000000000e+04
2.226400000000000000e+04
2.530400000000000000e+04
2.733800000000000000e+04
2.648700000000000000e+04
2.347600000000000000e+04
2.822200000000000000e+04
2.770800000000000000e+04
2.263600000000000000e+04
2.366400000000000000e+04
2.376700000000000000e+04
2.123300000000000000e+04
3.388200000000000000e+04
3.283800000000000000e+04
1.704000000000000000e+04
2.434700000000000000e+04
2.068500000000000000e+04
2.616600000000000000e+04
3.194200000000000000e+04
3.111100000000000000e+04
3.828300000000000000e+04
