5.996500000000000000e+04
6.490700000000000000e+04
6.754800000000000000e+04
6.386300000000000000e+04
6.143200000000000000e+04
6.886200000000000000e+04
7.048800000000000000e+04
6.697000000000000000e+04
7.031600000000000000e+04
7.542200000000000000e+04
7.553600000000000000e+04
7.561800000000000000e+04
7.702300000000000000e+04
7.715600000000000000e+04
7.410600000000000000e+04
7.780500000000000000e+04
7.601000000000000000e+04
8.087500000000000000e+04
8.227400000000000000e+04
8.134400000000000000e+04
6.424200000000000000e+04
8.202300000000000000e+04
7.863100000000000000e+04
8.502300000000000000e+04
7.636100000000000000e+04
7.954700000000000000e+04
8.606500000000000000e+04
8.058400000000000000e+04
8.230200000000000000e+04
8.699200000000000000e+04
8.533200000000000000e+04
8.068500000000000000e+04
8.181500000000000000e+04
8.683700000000000000e+04
8.877200000000000000e+04
8.774500000000000000e+04
8.865800000000000000e+04
8.305400000000000000e+04
8.479200000000000000e+04
8.847500000000000000e+04
8.614700000000000000e+04
9.122700000000000000e+04
8.776800000000000000e+04
9.314700000000000000e+04
9.035600000000000000e+04
8.617600000000000000e+04
9.264000000000000000e+04
9.412200000000000000e+04
8.740400000000000000e+04
8.802000000000000000e+04
9.070900000000000000e+04
9.540200000000000000e+04
8.437900000000000000e+04
8.959100000000000000e+04
9.573600000000000000e+04
9.153300000000000000e+04
9.670800000000000000e+04
9.798400000000000000e+04
8.794000000000000000e+04
9.882200000000000000e+04
9.104800000000000000e+04
9.718700000000000000e+04
1.000000000000000000e+05
1.000000000000000000e+05
9.193900000000000000e+04
1.000000000000000000e+05
1.000000000000000000e+05
1.000000000000000000e+05
1.000000000000000000e+05
1.000000000000000000e+05
1.000000000000000000e+05
1.000000000000000000e+05
7.892800000000000000e+04
9.423800000000000000e+04
1.000000000000000000e+05
9.430300000000000000e+04
9.572400000000000000e+04
9.583100000000000000e+04
9.440800000000000000e+04
9.512400000000000000e+04
1.000000000000000000e+05
9.054900000000000000e+04
1.000000000000000000e+05
1.000000000000000000e+05
1.000000000000000000e+05
1.000000000000000000e+05
9.433800000000000000e+04
1.000000000000000000e+05
1.000000000000000000e+05
1.000000000000000000e+05
1.000000000000000000e+05
9.549900000000000000e+04
9.744700000000000000e+04
1.000000000000000000e+05
1.000000000000000000e+05
9.452900000000000000e+04
6.577700000000000000e+04
7.362200000000000000e+04
7.206800000000000000e+04
8.042700000000000000e+04
7.414200000000000000e+04
9.053400000000000000e+04
8.751600000000000000e+04
7.538600000000000000e+04
8.117100000000000000e+04
8.602400000000000000e+04
7.730500000000000000e+04
8.450600000000000000e+04
8.212400000000000000e+04
7.724600000000000000e+04
7.363900000000000000e+04
7.938900000000000000e+04
6.921800000000000000e+04
8.736600000000000000e+04
8.223600000000000000e+04
9.153100000000000000e+04
9.738600000000000000e+04
9.107200000000000000e+04
7.279900000000000000e+04
8.321600000000000000e+04
7.122700000000000000e+04
7.548400000000000000e+04
7.565200000000000000e+04
7.748300000000000000e+04
8.511100000000000000e+04
9.315800000000000000e+04
7.026200000000000000e+04
8.147400000000000000e+04
8.140600000000000000e+04
9.098100000000000000e+04
8.691800000000000000e+04
8.980900000000000000e+04
8.157900000000000000e+04
9.782500000000000000e+04
7.871800000000000000e+04
1.000000000000000000e+05
9.633800000000000000e+04
1.000000000000000000e+05
7.709400000000000000e+04
9.127000000000000000e+04
8.945700000000000000e+04
8.747000000000000000e+04
7.240400000000000000e+04
8.373200000000000000e+04
9.250800000000000000e+04
9.516400000000000000e+04
7.410500000000000000e+04
8.837700000000000000e+04
7.988800000000000000e+04
1.000000000000000000e+05
9.028100000000000000e+04
7.535100000000000000e+04
9.417600000000000000e+04
8.927100000000000000e+04
8.705000000000000000e+04
1.000000000000000000e+05
9.250800000000000000e+04
1.000000000000000000e+05
9.976200000000000000e+04
7.900100000000000000e+04
1.000000000000000000e+05
7.288200000000000000e+04
8.881600000000000000e+04
1.000000000000000000e+05
9.700500000000000000e+04
8.528000000000000000e+04
9.126400000000000000e+04
8.733700000000000000e+04
1.000000000000000000e+05
9.122700000000000000e+04
9.918300000000000000e+04
7.696000000000000000e+04
1.000000000000000000e+05
1.000000000000000000e+05
1.000000000000000000e+05
9.487800000000000000e+04
1.000000000000000000e+05
6.978900000000000000e+04
8.965200000000000000e+04
9.566600000000000000e+04
9.762200000000000000e+04
9.506100000000000000e+04
9.663700000000000000e+04
9.875300000000000000e+04
9.183000000000000000e+04
8.751600000000000000e+04
7.995000000000000000e+04
9.876600000000000000e+04
9.668800000000000000e+04
6.723100000000000000e+04
9.002200000000000000e+04
1.000000000000000000e+05
8.767700000000000000e+04
7.693900000000000000e+04
6.098800000000000000e+04
8.076300000000000000e+04
7.561100000000000000e+04
6.543800000000000000e+04
8.115700000000000000e+04
9.166200000000000000e+04
6.890900000000000000e+04
8.808800000000000000e+04
8.792300000000000000e+04
5.977500000000000000e+04
7.134500000000000000e+04
8.155200000000000000e+04
7.189300000000000000e+04
1.000000000000000000e+05
8.608500000000000000e+04
8.964800000000000000e+04
8.312300000000000000e+04
7.709900000000000000e+04
7.648700000000000000e+04
6.126500000000000000e+04
8.954900000000000000e+04
5.611800000000000000e+04
7.843800000000000000e+04
7.359200000000000000e+04
8.557500000000000000e+04
1.000000000000000000e+05
7.577600000000000000e+04
8.478400000000000000e+04
8.993900000000000000e+04
1.000000000000000000e+05
7.073700000000000000e+04
9.649700000000000000e+04
8.946900000000000000e+04
8.708100000000000000e+04
7.219300000000000000e+04
8.440300000000000000e+04
8.401900000000000000e+04
6.015900000000000000e+04
1.000000000000000000e+05
6.820500000000000000e+04
8.598600000000000000e+04
6.955500000000000000e+04
7.727600000000000000e+04
9.264500000000000000e+04
8.072000000000000000e+04
8.388300000000000000e+04
7.334600000000000000e+04
1.000000000000000000e+05
7.371100000000000000e+04
9.257500000000000000e+04
7.904700000000000000e+04
9.079400000000000000e+04
8.746300000000000000e+04
7.420200000000000000e+04
8.223200000000000000e+04
8.151000000000000000e+04
9.328000000000000000e+04
8.072800000000000000e+04
9.610400000000000000e+04
1.000000000000000000e+05
9.043100000000000000e+04
9.146900000000000000e+04
8.791900000000000000e+04
7.743200000000000000e+04
8.991800000000000000e+04
1.000000000000000000e+05
8.689800000000000000e+04
6.735400000000000000e+04
9.113200000000000000e+04
9.167700000000000000e+04
9.800900000000000000e+04
8.918300000000000000e+04
8.665400000000000000e+04
7.067800000000000000e+04
9.692200000000000000e+04
9.140900000000000000e+04
9.521400000000000000e+04
1.000000000000000000e+05
1.000000000000000000e+05
9.610900000000000000e+04
9.099300000000000000e+04
1.000000000000000000e+05
8.259400000000000000e+04
9.298700000000000000e+04
9.735100000000000000e+04
8.912700000000000000e+04
1.000000000000000000e+05
7.637600000000000000e+04
9.126900000000000000e+04
7.383100000000000000e+04
8.916900000000000000e+04
8.301800000000000000e+04
7.179200000000000000e+04
1.000000000000000000e+05
1.000000000000000000e+05
7.959200000000000000e+04
8.420700000000000000e+04
7.062900000000000000e+04
9.760400000000000000e+04
9.494300000000000000e+04
8.882000000000000000e+04
1.000000000000000000e+05
7.270400000000000000e+04
9.290100000000000000e+04
8.712500000000000000e+04
6.493900000000000000e+04
1.000000000000000000e+05
9.769800000000000000e+04
8.229600000000000000e+04
8.693200000000000000e+04
7.567900000000000000e+04
9.490700000000000000e+04
1.000000000000000000e+05
8.093200000000000000e+04
1.000000000000000000e+05
8.434800000000000000e+04
7.039900000000000000e+04
7.983200000000000000e+04
1.000000000000000000e+05
7.285500000000000000e+04
9.125100000000000000e+04
8.996400000000000000e+04
9.637600000000000000e+04
7.659300000000000000e+04
6.522500000000000000e+04
9.073400000000000000e+04
1.000000000000000000e+05
8.710400000000000000e+04
9.329100000000000000e+04
8.738900000000000000e+04
8.474700000000000000e+04
9.358100000000000000e+04
9.202200000000000000e+04
9.768100000000000000e+04
9.790700000000000000e+04
9.084300000000000000e+04
8.340700000000000000e+04
6.628900000000000000e+04
9.008700000000000000e+04
8.578600000000000000e+04
9.227800000000000000e+04
1.000000000000000000e+05
8.621300000000000000e+04
1.000000000000000000e+05
1.000000000000000000e+05
1.000000000000000000e+05
9.339800000000000000e+04
1.000000000000000000e+05
6.745300000000000000e+04
9.299600000000000000e+04
8.114800000000000000e+04
7.521000000000000000e+04
7.423500000000000000e+04
8.576100000000000000e+04
9.023600000000000000e+04
9.885900000000000000e+04
1.000000000000000000e+05
5.736800000000000000e+04
9.184400000000000000e+04
9.382900000000000000e+04
9.956700000000000000e+04
8.848000000000000000e+04
9.291500000000000000e+04
7.368600000000000000e+04
8.567800000000000000e+04
8.139600000000000000e+04
7.112300000000000000e+04
8.779400000000000000e+04
1.000000000000000000e+05
1.000000000000000000e+05
1.000000000000000000e+05
8.918700000000000000e+04
9.735100000000000000e+04
6.676200000000000000e+04
8.220700000000000000e+04
5.926900000000000000e+04
9.750500000000000000e+04
9.690200000000000000e+04
5.919300000000000000e+04
1.000000000000000000e+05
6.702500000000000000e+04
7.641200000000000000e+04
6.987400000000000000e+04
8.325800000000000000e+04
7.530400000000000000e+04
8.646200000000000000e+04
9.310800000000000000e+04
9.166600000000000000e+04
9.800200000000000000e+04
8.508500000000000000e+04
8.963100000000000000e+04
5.994500000000000000e+04
1.000000000000000000e+05
9.105700000000000000e+04
8.712300000000000000e+04
1.000000000000000000e+05
8.134900000000000000e+04
7.151300000000000000e+04
9.144700000000000000e+04
8.772000000000000000e+04
6.788700000000000000e+04
8.575100000000000000e+04
9.109300000000000000e+04
1.000000000000000000e+05
9.374500000000000000e+04
1.000000000000000000e+05
8.448700000000000000e+04
8.642600000000000000e+04
9.420800000000000000e+04
1.000000000000000000e+05
5.767000000000000000e+04
8.453000000000000000e+04
8.281200000000000000e+04
8.261100000000000000e+04
7.418300000000000000e+04
7.159900000000000000e+04
8.719700000000000000e+04
9.015400000000000000e+04
9.864000000000000000e+04
8.438000000000000000e+04
9.346500000000000000e+04
9.156500000000000000e+04
1.000000000000000000e+05
8.262900000000000000e+04
8.684400000000000000e+04
7.679800000000000000e+04
7.432000000000000000e+04
9.266000000000000000e+04
7.424500000000000000e+04
1.000000000000000000e+05
6.669400000000000000e+04
1.000000000000000000e+05
1.000000000000000000e+05
6.123500000000000000e+04
8.633000000000000000e+04
7.084200000000000000e+04
1.000000000000000000e+05
1.000000000000000000e+05
8.768100000000000000e+04
1.000000000000000000e+05
9.003300000000000000e+04
9.075900000000000000e+04
7.962500000000000000e+04
9.481700000000000000e+04
7.697200000000000000e+04
9.634300000000000000e+04
9.300100000000000000e+04
6.629600000000000000e+04
8.923500000000000000e+04
7.545700000000000000e+04
9.244700000000000000e+04
1.000000000000000000e+05
9.398700000000000000e+04
7.111900000000000000e+04
8.023200000000000000e+04
6.780100000000000000e+04
1.000000000000000000e+05
7.316000000000000000e+04
9.484300000000000000e+04
9.635200000000000000e+04
9.843200000000000000e+04
6.824400000000000000e+04
9.192300000000000000e+04
1.000000000000000000e+05
7.890500000000000000e+04
9.779700000000000000e+04
6.272000000000000000e+04
9.709500000000000000e+04
9.538800000000000000e+04
8.353000000000000000e+04
9.499400000000000000e+04
1.000000000000000000e+05
1.000000000000000000e+05
6.781000000000000000e+04
9.610300000000000000e+04
9.032900000000000000e+04
6.988500000000000000e+04
9.282000000000000000e+04
6.924500000000000000e+04
1.000000000000000000e+05
9.062800000000000000e+04
9.217900000000000000e+04
9.785200000000000000e+04
6.972100000000000000e+04
1.000000000000000000e+05
8.202600000000000000e+04
9.579800000000000000e+04
8.586100000000000000e+04
7.850200000000000000e+04
1.000000000000000000e+05
7.137500000000000000e+04
8.597600000000000000e+04
8.578100000000000000e+04
7.502600000000000000e+04
8.318600000000000000e+04
1.000000000000000000e+05
8.065100000000000000e+04
9.786800000000000000e+04
7.133700000000000000e+04
9.757300000000000000e+04
7.891500000000000000e+04
8.502700000000000000e+04
7.317200000000000000e+04
7.472600000000000000e+04
8.117800000000000000e+04
9.951900000000000000e+04
1.000000000000000000e+05
1.000000000000000000e+05
8.855500000000000000e+04
6.729600000000000000e+04
6.063600000000000000e+04
9.100800000000000000e+04
7.431600000000000000e+04
1.000000000000000000e+05
7.418900000000000000e+04
6.720000000000000000e+04
8.728200000000000000e+04
1.000000000000000000e+05
9.608600000000000000e+04
8.478000000000000000e+04
9.890800000000000000e+04
7.714200000000000000e+04
8.927200000000000000e+04
8.593100000000000000e+04
8.796000000000000000e+04
1.000000000000000000e+05
8.993600000000000000e+04
9.591500000000000000e+04
1.000000000000000000e+05
8.266900000000000000e+04
8.189300000000000000e+04
1.000000000000000000e+05
7.573200000000000000e+04
1.000000000000000000e+05
9.106800000000000000e+04
7.104400000000000000e+04
1.000000000000000000e+05
7.278200000000000000e+04
6.730100000000000000e+04
9.585800000000000000e+04
8.704900000000000000e+04
7.173100000000000000e+04
8.851400000000000000e+04
1.000000000000000000e+05
9.587800000000000000e+04
1.000000000000000000e+05
8.959900000000000000e+04
9.354600000000000000e+04
1.000000000000000000e+05
1.000000000000000000e+05
6.907400000000000000e+04
7.572200000000000000e+04
9.752400000000000000e+04
5.243900000000000000e+04
1.000000000000000000e+05
8.428600000000000000e+04
6.978200000000000000e+04
7.724900000000000000e+04
1.000000000000000000e+05
7.530400000000000000e+04
9.849200000000000000e+04
8.261800000000000000e+04
8.867800000000000000e+04
7.751100000000000000e+04
7.460000000000000000e+04
9.187600000000000000e+04
7.233000000000000000e+04
1.000000000000000000e+05
1.000000000000000000e+05
7.495800000000000000e+04
7.702500000000000000e+04
7.707400000000000000e+04
8.807400000000000000e+04
9.643100000000000000e+04
9.227900000000000000e+04
1.000000000000000000e+05
9.024000000000000000e+04
9.723800000000000000e+04
1.000000000000000000e+05
9.131200000000000000e+04
1.000000000000000000e+05
9.852500000000000000e+04
1.000000000000000000e+05
8.637000000000000000e+04
1.000000000000000000e+05
1.000000000000000000e+05
1.000000000000000000e+05
1.000000000000000000e+05
9.461400000000000000e+04
1.000000000000000000e+05
9.512900000000000000e+04
8.342300000000000000e+04
8.097800000000000000e+04
6.491800000000000000e+04
9.408700000000000000e+04
9.617800000000000000e+04
8.126500000000000000e+04
8.825000000000000000e+04
8.178300000000000000e+04
8.114900000000000000e+04
7.361800000000000000e+04
7.364800000000000000e+04
1.000000000000000000e+05
9.420700000000000000e+04
9.250300000000000000e+04
7.400200000000000000e+04
1.000000000000000000e+05
8.611400000000000000e+04
1.000000000000000000e+05
8.253700000000000000e+04
9.396900000000000000e+04
9.411200000000000000e+04
7.233200000000000000e+04
7.080400000000000000e+04
7.281800000000000000e+04
9.081300000000000000e+04
7.436300000000000000e+04
9.010700000000000000e+04
8.484100000000000000e+04
1.000000000000000000e+05
8.011600000000000000e+04
9.206400000000000000e+04
7.766100000000000000e+04
8.304500000000000000e+04
8.618200000000000000e+04
9.758900000000000000e+04
8.793700000000000000e+04
8.859100000000000000e+04
8.399100000000000000e+04
1.000000000000000000e+05
1.000000000000000000e+05
1.000000000000000000e+05
6.757000000000000000e+04
9.905300000000000000e+04
1.000000000000000000e+05
1.000000000000000000e+05
6.325200000000000000e+04
7.217300000000000000e+04
9.816200000000000000e+04
7.984200000000000000e+04
7.720100000000000000e+04
7.145500000000000000e+04
8.178300000000000000e+04
8.027500000000000000e+04
7.583000000000000000e+04
6.410200000000000000e+04
9.282300000000000000e+04
1.000000000000000000e+05
8.218800000000000000e+04
8.596600000000000000e+04
9.230900000000000000e+04
9.221700000000000000e+04
9.403300000000000000e+04
9.380500000000000000e+04
9.206200000000000000e+04
1.000000000000000000e+05
8.571900000000000000e+04
4.903900000000000000e+04
8.048900000000000000e+04
1.000000000000000000e+05
7.874700000000000000e+04
8.328500000000000000e+04
6.365500000000000000e+04
1.000000000000000000e+05
1.000000000000000000e+05
7.749700000000000000e+04
8.813800000000000000e+04
8.620500000000000000e+04
8.649800000000000000e+04
1.000000000000000000e+05
1.000000000000000000e+05
1.000000000000000000e+05
1.000000000000000000e+05
8.912200000000000000e+04
7.174900000000000000e+04
6.488800000000000000e+04
6.551600000000000000e+04
1.000000000000000000e+05
9.554000000000000000e+04
7.565800000000000000e+04
8.621600000000000000e+04
6.771300000000000000e+04
9.921800000000000000e+04
8.399200000000000000e+04
8.539600000000000000e+04
1.000000000000000000e+05
7.401400000000000000e+04
8.464900000000000000e+04
9.337400000000000000e+04
9.218000000000000000e+04
1.000000000000000000e+05
9.842400000000000000e+04
8.362600000000000000e+04
8.000900000000000000e+04
7.456400000000000000e+04
1.000000000000000000e+05
9.878700000000000000e+04
9.160300000000000000e+04
9.568600000000000000e+04
7.743800000000000000e+04
9.527000000000000000e+04
1.000000000000000000e+05
9.418400000000000000e+04
8.634200000000000000e+04
9.017600000000000000e+04
9.434000000000000000e+04
7.385600000000000000e+04
1.000000000000000000e+05
8.860500000000000000e+04
8.430500000000000000e+04
8.648000000000000000e+04
6.975400000000000000e+04
8.043400000000000000e+04
9.911500000000000000e+04
8.358700000000000000e+04
6.896500000000000000e+04
7.627100000000000000e+04
7.636700000000000000e+04
9.490700000000000000e+04
8.586800000000000000e+04
8.145300000000000000e+04
8.496800000000000000e+04
9.121800000000000000e+04
7.862600000000000000e+04
6.982600000000000000e+04
6.634300000000000000e+04
1.000000000000000000e+05
1.000000000000000000e+05
8.858100000000000000e+04
8.841500000000000000e+04
6.355200000000000000e+04
7.185000000000000000e+04
9.524200000000000000e+04
8.694800000000000000e+04
1.000000000000000000e+05
7.605300000000000000e+04
9.807800000000000000e+04
1.000000000000000000e+05
1.000000000000000000e+05
9.376800000000000000e+04
8.053800000000000000e+04
1.000000000000000000e+05
9.109600000000000000e+04
1.000000000000000000e+05
7.513000000000000000e+04
9.700200000000000000e+04
9.051900000000000000e+04
9.492000000000000000e+04
8.068700000000000000e+04
7.277300000000000000e+04
9.177000000000000000e+04
7.444900000000000000e+04
9.696100000000000000e+04
1.000000000000000000e+05
7.529200000000000000e+04
8.813700000000000000e+04
9.642500000000000000e+04
9.025200000000000000e+04
8.561500000000000000e+04
9.329500000000000000e+04
8.167400000000000000e+04
9.916500000000000000e+04
8.123700000000000000e+04
9.025200000000000000e+04
9.323000000000000000e+04
9.039000000000000000e+04
1.000000000000000000e+05
9.860700000000000000e+04
9.297400000000000000e+04
7.649100000000000000e+04
1.000000000000000000e+05
8.919100000000000000e+04
7.162100000000000000e+04
8.185500000000000000e+04
7.799600000000000000e+04
8.651600000000000000e+04
1.000000000000000000e+05
9.766300000000000000e+04
9.126100000000000000e+04
1.000000000000000000e+05
7.684400000000000000e+04
6.611300000000000000e+04
7.798000000000000000e+04
1.000000000000000000e+05
8.579100000000000000e+04
8.415800000000000000e+04
6.038100000000000000e+04
9.650300000000000000e+04
8.562800000000000000e+04
8.747100000000000000e+04
8.576900000000000000e+04
7.365800000000000000e+04
1.000000000000000000e+05
1.000000000000000000e+05
9.502300000000000000e+04
1.000000000000000000e+05
8.643100000000000000e+04
7.581600000000000000e+04
8.720500000000000000e+04
8.071800000000000000e+04
9.096400000000000000e+04
9.630300000000000000e+04
1.000000000000000000e+05
1.000000000000000000e+05
7.710200000000000000e+04
7.446900000000000000e+04
8.111700000000000000e+04
7.338100000000000000e+04
9.744700000000000000e+04
7.430600000000000000e+04
7.739300000000000000e+04
9.779200000000000000e+04
7.865100000000000000e+04
7.870500000000000000e+04
9.354500000000000000e+04
8.584700000000000000e+04
8.998500000000000000e+04
9.767900000000000000e+04
9.115200000000000000e+04
1.000000000000000000e+05
1.000000000000000000e+05
9.621700000000000000e+04
8.854300000000000000e+04
1.000000000000000000e+05
7.783900000000000000e+04
9.788000000000000000e+04
8.845000000000000000e+04
9.885200000000000000e+04
6.154800000000000000e+04
9.330900000000000000e+04
8.762800000000000000e+04
8.735800000000000000e+04
9.869400000000000000e+04
1.000000000000000000e+05
1.000000000000000000e+05
1.000000000000000000e+05
8.610800000000000000e+04
7.045600000000000000e+04
8.004400000000000000e+04
9.495400000000000000e+04
1.000000000000000000e+05
8.483900000000000000e+04
7.994400000000000000e+04
7.702100000000000000e+04
7.814200000000000000e+04
8.853200000000000000e+04
6.989200000000000000e+04
9.696200000000000000e+04
8.092300000000000000e+04
7.672700000000000000e+04
6.991200000000000000e+04
8.623400000000000000e+04
6.790400000000000000e+04
9.339400000000000000e+04
8.074500000000000000e+04
1.000000000000000000e+05
8.821600000000000000e+04
9.835600000000000000e+04
6.675000000000000000e+04
9.991100000000000000e+04
9.795600000000000000e+04
9.530700000000000000e+04
9.986600000000000000e+04
7.077700000000000000e+04
6.670100000000000000e+04
8.922300000000000000e+04
7.675400000000000000e+04
7.117700000000000000e+04
8.975000000000000000e+04
8.005700000000000000e+04
7.133100000000000000e+04
9.862900000000000000e+04
9.039200000000000000e+04
8.565800000000000000e+04
9.223100000000000000e+04
9.785100000000000000e+04
9.737600000000000000e+04
9.638400000000000000e+04
7.287100000000000000e+04
8.209500000000000000e+04
8.443900000000000000e+04
7.257100000000000000e+04
1.000000000000000000e+05
9.308800000000000000e+04
8.415700000000000000e+04
9.890000000000000000e+04
8.245100000000000000e+04
8.925000000000000000e+04
8.932700000000000000e+04
9.800700000000000000e+04
9.940200000000000000e+04
9.961400000000000000e+04
1.000000000000000000e+05
9.926200000000000000e+04
9.817100000000000000e+04
8.455000000000000000e+04
9.576900000000000000e+04
6.691800000000000000e+04
9.585300000000000000e+04
8.896600000000000000e+04
8.713300000000000000e+04
9.605300000000000000e+04
9.111000000000000000e+04
6.773900000000000000e+04
9.181200000000000000e+04
9.362800000000000000e+04
1.000000000000000000e+05
8.992800000000000000e+04
8.534000000000000000e+04
9.822400000000000000e+04
6.352700000000000000e+04
8.237400000000000000e+04
8.211600000000000000e+04
1.000000000000000000e+05
1.000000000000000000e+05
9.372700000000000000e+04
6.996600000000000000e+04
1.000000000000000000e+05
8.380700000000000000e+04
1.000000000000000000e+05
1.000000000000000000e+05
7.162900000000000000e+04
1.000000000000000000e+05
7.128700000000000000e+04
8.575200000000000000e+04
8.842500000000000000e+04
8.928500000000000000e+04
8.377600000000000000e+04
7.543800000000000000e+04
8.531500000000000000e+04
8.761500000000000000e+04
1.000000000000000000e+05
1.000000000000000000e+05
1.000000000000000000e+05
9.419400000000000000e+04
7.517500000000000000e+04
7.332300000000000000e+04
7.422300000000000000e+04
9.327400000000000000e+04
1.000000000000000000e+05
7.328000000000000000e+04
8.673700000000000000e+04
6.477900000000000000e+04
7.641100000000000000e+04
8.293500000000000000e+04
1.000000000000000000e+05
8.754000000000000000e+04
8.742200000000000000e+04
8.259600000000000000e+04
9.069900000000000000e+04
8.472600000000000000e+04
7.288800000000000000e+04
9.157600000000000000e+04
9.852900000000000000e+04
8.569300000000000000e+04
1.000000000000000000e+05
6.999700000000000000e+04
1.000000000000000000e+05
9.048200000000000000e+04
1.000000000000000000e+05
7.630600000000000000e+04
1.000000000000000000e+05
8.639900000000000000e+04
7.589200000000000000e+04
9.434400000000000000e+04
8.365500000000000000e+04
9.366600000000000000e+04
7.867400000000000000e+04
7.321200000000000000e+04
1.000000000000000000e+05
7.607000000000000000e+04
1.000000000000000000e+05
9.328100000000000000e+04
9.577000000000000000e+04
1.000000000000000000e+05
1.000000000000000000e+05
8.598200000000000000e+04
7.279600000000000000e+04
9.346800000000000000e+04
8.763700000000000000e+04
6.429000000000000000e+04
8.742100000000000000e+04
7.680500000000000000e+04
7.858400000000000000e+04
7.510900000000000000e+04
9.590400000000000000e+04
7.240000000000000000e+04
8.545700000000000000e+04
8.541900000000000000e+04
1.000000000000000000e+05
8.639700000000000000e+04
1.000000000000000000e+05
9.389700000000000000e+04
6.831600000000000000e+04
9.128300000000000000e+04
9.331000000000000000e+04
9.301300000000000000e+04
8.336900000000000000e+04
9.560800000000000000e+04
9.424300000000000000e+04
7.797800000000000000e+04
1.000000000000000000e+05
9.479100000000000000e+04
1.000000000000000000e+05
1.000000000000000000e+05
7.932600000000000000e+04
