7.398600000000000000e+04
1.000000000000000000e+05
8.445400000000000000e+04
1.000000000000000000e+05
1.000000000000000000e+05
8.352500000000000000e+04
1.000000000000000000e+05
8.612600000000000000e+04
1.000000000000000000e+05
1.000000000000000000e+05
8.788000000000000000e+04
1.000000000000000000e+05
7.979700000000000000e+04
1.000000000000000000e+05
9.941400000000000000e+04
1.000000000000000000e+05
9.486300000000000000e+04
9.204800000000000000e+04
1.000000000000000000e+05
1.000000000000000000e+05
1.000000000000000000e+05
1.000000000000000000e+05
7.817800000000000000e+04
1.000000000000000000e+05
1.000000000000000000e+05
1.000000000000000000e+05
9.010700000000000000e+04
1.000000000000000000e+05
7.834600000000000000e+04
1.000000000000000000e+05
1.000000000000000000e+05
1.000000000000000000e+05
1.000000000000000000e+05
1.000000000000000000e+05
7.840300000000000000e+04
1.000000000000000000e+05
1.000000000000000000e+05
1.000000000000000000e+05
9.932500000000000000e+04
9.955600000000000000e+04
1.000000000000000000e+05
1.000000000000000000e+05
1.000000000000000000e+05
1.000000000000000000e+05
1.000000000000000000e+05
1.000000000000000000e+05
1.000000000000000000e+05
9.216900000000000000e+04
1.000000000000000000e+05
1.000000000000000000e+05
9.459600000000000000e+04
1.000000000000000000e+05
9.800800000000000000e+04
8.796200000000000000e+04
1.000000000000000000e+05
1.000000000000000000e+05
1.000000000000000000e+05
8.676800000000000000e+04
9.531100000000000000e+04
1.000000000000000000e+05
1.000000000000000000e+05
1.000000000000000000e+05
9.729100000000000000e+04
1.000000000000000000e+05
1.000000000000000000e+05
1.000000000000000000e+05
1.000000000000000000e+05
1.000000000000000000e+05
1.000000000000000000e+05
9.953000000000000000e+04
9.345400000000000000e+04
1.000000000000000000e+05
1.000000000000000000e+05
1.000000000000000000e+05
8.911600000000000000e+04
1.000000000000000000e+05
1.000000000000000000e+05
1.000000000000000000e+05
8.925400000000000000e+04
9.053500000000000000e+04
9.322200000000000000e+04
1.000000000000000000e+05
9.112000000000000000e+04
1.000000000000000000e+05
1.000000000000000000e+05
1.000000000000000000e+05
8.569100000000000000e+04
9.504100000000000000e+04
1.000000000000000000e+05
8.885500000000000000e+04
1.000000000000000000e+05
1.000000000000000000e+05
1.000000000000000000e+05
1.000000000000000000e+05
8.836100000000000000e+04
6.607300000000000000e+04
7.630500000000000000e+04
9.782900000000000000e+04
1.000000000000000000e+05
1.000000000000000000e+05
1.000000000000000000e+05
1.000000000000000000e+05
8.518400000000000000e+04
1.000000000000000000e+05
1.000000000000000000e+05
9.855900000000000000e+04
1.000000000000000000e+05
9.597400000000000000e+04
1.000000000000000000e+05
8.764800000000000000e+04
8.840000000000000000e+04
1.000000000000000000e+05
9.540800000000000000e+04
1.000000000000000000e+05
1.000000000000000000e+05
1.000000000000000000e+05
1.000000000000000000e+05
1.000000000000000000e+05
1.000000000000000000e+05
1.000000000000000000e+05
1.000000000000000000e+05
1.000000000000000000e+05
1.000000000000000000e+05
1.000000000000000000e+05
1.000000000000000000e+05
1.000000000000000000e+05
1.000000000000000000e+05
8.323400000000000000e+04
1.000000000000000000e+05
9.104000000000000000e+04
7.627100000000000000e+04
9.863100000000000000e+04
1.000000000000000000e+05
9.535600000000000000e+04
1.000000000000000000e+05
8.707600000000000000e+04
6.569700000000000000e+04
1.000000000000000000e+05
9.044100000000000000e+04
1.000000000000000000e+05
1.000000000000000000e+05
1.000000000000000000e+05
1.000000000000000000e+05
1.000000000000000000e+05
1.000000000000000000e+05
8.382300000000000000e+04
1.000000000000000000e+05
1.000000000000000000e+05
1.000000000000000000e+05
9.894800000000000000e+04
1.000000000000000000e+05
1.000000000000000000e+05
1.000000000000000000e+05
7.899500000000000000e+04
1.000000000000000000e+05
1.000000000000000000e+05
7.784300000000000000e+04
1.000000000000000000e+05
1.000000000000000000e+05
1.000000000000000000e+05
1.000000000000000000e+05
1.000000000000000000e+05
1.000000000000000000e+05
1.000000000000000000e+05
9.729500000000000000e+04
1.000000000000000000e+05
9.641100000000000000e+04
8.911800000000000000e+04
1.000000000000000000e+05
9.665100000000000000e+04
1.000000000000000000e+05
1.000000000000000000e+05
9.250700000000000000e+04
9.743600000000000000e+04
1.000000000000000000e+05
9.411800000000000000e+04
1.000000000000000000e+05
1.000000000000000000e+05
1.000000000000000000e+05
7.973700000000000000e+04
9.590900000000000000e+04
8.828800000000000000e+04
1.000000000000000000e+05
8.693500000000000000e+04
1.000000000000000000e+05
7.259000000000000000e+04
9.251100000000000000e+04
9.057200000000000000e+04
9.295500000000000000e+04
8.917200000000000000e+04
8.467400000000000000e+04
8.381000000000000000e+04
8.127300000000000000e+04
1.000000000000000000e+05
1.000000000000000000e+05
1.000000000000000000e+05
1.000000000000000000e+05
1.000000000000000000e+05
1.000000000000000000e+05
1.000000000000000000e+05
1.000000000000000000e+05
1.000000000000000000e+05
9.483100000000000000e+04
1.000000000000000000e+05
1.000000000000000000e+05
8.459800000000000000e+04
1.000000000000000000e+05
1.000000000000000000e+05
9.293500000000000000e+04
1.000000000000000000e+05
1.000000000000000000e+05
1.000000000000000000e+05
1.000000000000000000e+05
1.000000000000000000e+05
1.000000000000000000e+05
9.032100000000000000e+04
1.000000000000000000e+05
1.000000000000000000e+05
9.056300000000000000e+04
1.000000000000000000e+05
1.000000000000000000e+05
7.951300000000000000e+04
1.000000000000000000e+05
6.838100000000000000e+04
1.000000000000000000e+05
9.789100000000000000e+04
8.237100000000000000e+04
1.000000000000000000e+05
9.385400000000000000e+04
1.000000000000000000e+05
1.000000000000000000e+05
1.000000000000000000e+05
1.000000000000000000e+05
1.000000000000000000e+05
1.000000000000000000e+05
9.268400000000000000e+04
1.000000000000000000e+05
1.000000000000000000e+05
9.341000000000000000e+04
1.000000000000000000e+05
1.000000000000000000e+05
7.986500000000000000e+04
1.000000000000000000e+05
1.000000000000000000e+05
1.000000000000000000e+05
9.109200000000000000e+04
1.000000000000000000e+05
1.000000000000000000e+05
1.000000000000000000e+05
1.000000000000000000e+05
1.000000000000000000e+05
1.000000000000000000e+05
9.472300000000000000e+04
1.000000000000000000e+05
7.815500000000000000e+04
1.000000000000000000e+05
1.000000000000000000e+05
1.000000000000000000e+05
1.000000000000000000e+05
1.000000000000000000e+05
1.000000000000000000e+05
1.000000000000000000e+05
1.000000000000000000e+05
1.000000000000000000e+05
1.000000000000000000e+05
1.000000000000000000e+05
6.279500000000000000e+04
1.000000000000000000e+05
7.266900000000000000e+04
1.000000000000000000e+05
1.000000000000000000e+05
9.978900000000000000e+04
1.000000000000000000e+05
9.430700000000000000e+04
9.540600000000000000e+04
1.000000000000000000e+05
1.000000000000000000e+05
1.000000000000000000e+05
1.000000000000000000e+05
1.000000000000000000e+05
1.000000000000000000e+05
1.000000000000000000e+05
9.807900000000000000e+04
1.000000000000000000e+05
1.000000000000000000e+05
1.000000000000000000e+05
1.000000000000000000e+05
1.000000000000000000e+05
1.000000000000000000e+05
1.000000000000000000e+05
1.000000000000000000e+05
1.000000000000000000e+05
1.000000000000000000e+05
1.000000000000000000e+05
1.000000000000000000e+05
1.000000000000000000e+05
1.000000000000000000e+05
9.393500000000000000e+04
9.088700000000000000e+04
1.000000000000000000e+05
8.663600000000000000e+04
1.000000000000000000e+05
1.000000000000000000e+05
8.930100000000000000e+04
1.000000000000000000e+05
1.000000000000000000e+05
7.937300000000000000e+04
1.000000000000000000e+05
7.409000000000000000e+04
5.461700000000000000e+04
9.741000000000000000e+04
1.000000000000000000e+05
7.326100000000000000e+04
6.883500000000000000e+04
1.000000000000000000e+05
7.993100000000000000e+04
1.000000000000000000e+05
1.000000000000000000e+05
1.000000000000000000e+05
9.455100000000000000e+04
1.000000000000000000e+05
1.000000000000000000e+05
8.224300000000000000e+04
1.000000000000000000e+05
1.000000000000000000e+05
8.284600000000000000e+04
1.000000000000000000e+05
9.455200000000000000e+04
1.000000000000000000e+05
1.000000000000000000e+05
1.000000000000000000e+05
1.000000000000000000e+05
1.000000000000000000e+05
1.000000000000000000e+05
1.000000000000000000e+05
1.000000000000000000e+05
1.000000000000000000e+05
1.000000000000000000e+05
8.728300000000000000e+04
7.245800000000000000e+04
1.000000000000000000e+05
8.495900000000000000e+04
1.000000000000000000e+05
1.000000000000000000e+05
7.961300000000000000e+04
1.000000000000000000e+05
1.000000000000000000e+05
1.000000000000000000e+05
1.000000000000000000e+05
1.000000000000000000e+05
1.000000000000000000e+05
8.567700000000000000e+04
8.868900000000000000e+04
1.000000000000000000e+05
1.000000000000000000e+05
1.000000000000000000e+05
1.000000000000000000e+05
6.717000000000000000e+04
1.000000000000000000e+05
1.000000000000000000e+05
8.128700000000000000e+04
1.000000000000000000e+05
9.845600000000000000e+04
9.079700000000000000e+04
1.000000000000000000e+05
1.000000000000000000e+05
9.236800000000000000e+04
1.000000000000000000e+05
9.452400000000000000e+04
1.000000000000000000e+05
1.000000000000000000e+05
8.347000000000000000e+04
1.000000000000000000e+05
1.000000000000000000e+05
1.000000000000000000e+05
7.331500000000000000e+04
1.000000000000000000e+05
1.000000000000000000e+05
8.081100000000000000e+04
1.000000000000000000e+05
1.000000000000000000e+05
1.000000000000000000e+05
1.000000000000000000e+05
7.652900000000000000e+04
1.000000000000000000e+05
1.000000000000000000e+05
1.000000000000000000e+05
1.000000000000000000e+05
1.000000000000000000e+05
7.655600000000000000e+04
9.133200000000000000e+04
1.000000000000000000e+05
9.503000000000000000e+04
1.000000000000000000e+05
1.000000000000000000e+05
1.000000000000000000e+05
1.000000000000000000e+05
1.000000000000000000e+05
1.000000000000000000e+05
7.677400000000000000e+04
1.000000000000000000e+05
1.000000000000000000e+05
1.000000000000000000e+05
8.329900000000000000e+04
1.000000000000000000e+05
1.000000000000000000e+05
1.000000000000000000e+05
1.000000000000000000e+05
1.000000000000000000e+05
1.000000000000000000e+05
1.000000000000000000e+05
1.000000000000000000e+05
1.000000000000000000e+05
1.000000000000000000e+05
1.000000000000000000e+05
1.000000000000000000e+05
1.000000000000000000e+05
1.000000000000000000e+05
1.000000000000000000e+05
1.000000000000000000e+05
1.000000000000000000e+05
1.000000000000000000e+05
8.678500000000000000e+04
7.812400000000000000e+04
1.000000000000000000e+05
9.625500000000000000e+04
1.000000000000000000e+05
7.555100000000000000e+04
1.000000000000000000e+05
9.328900000000000000e+04
1.000000000000000000e+05
6.187300000000000000e+04
8.259200000000000000e+04
9.818000000000000000e+04
1.000000000000000000e+05
1.000000000000000000e+05
8.840500000000000000e+04
1.000000000000000000e+05
9.686700000000000000e+04
1.000000000000000000e+05
1.000000000000000000e+05
1.000000000000000000e+05
1.000000000000000000e+05
7.716700000000000000e+04
6.866200000000000000e+04
1.000000000000000000e+05
1.000000000000000000e+05
1.000000000000000000e+05
1.000000000000000000e+05
1.000000000000000000e+05
1.000000000000000000e+05
1.000000000000000000e+05
7.636000000000000000e+04
1.000000000000000000e+05
1.000000000000000000e+05
1.000000000000000000e+05
9.237100000000000000e+04
1.000000000000000000e+05
1.000000000000000000e+05
7.647600000000000000e+04
8.086000000000000000e+04
1.000000000000000000e+05
7.837100000000000000e+04
1.000000000000000000e+05
1.000000000000000000e+05
9.760000000000000000e+04
8.893900000000000000e+04
1.000000000000000000e+05
1.000000000000000000e+05
8.437100000000000000e+04
7.984200000000000000e+04
1.000000000000000000e+05
1.000000000000000000e+05
8.561200000000000000e+04
1.000000000000000000e+05
1.000000000000000000e+05
8.250700000000000000e+04
6.922300000000000000e+04
1.000000000000000000e+05
1.000000000000000000e+05
1.000000000000000000e+05
1.000000000000000000e+05
1.000000000000000000e+05
1.000000000000000000e+05
1.000000000000000000e+05
7.049500000000000000e+04
8.457100000000000000e+04
9.848000000000000000e+04
9.760000000000000000e+04
1.000000000000000000e+05
1.000000000000000000e+05
1.000000000000000000e+05
1.000000000000000000e+05
1.000000000000000000e+05
1.000000000000000000e+05
9.448700000000000000e+04
9.050300000000000000e+04
1.000000000000000000e+05
1.000000000000000000e+05
9.824300000000000000e+04
1.000000000000000000e+05
1.000000000000000000e+05
1.000000000000000000e+05
1.000000000000000000e+05
1.000000000000000000e+05
1.000000000000000000e+05
1.000000000000000000e+05
9.983200000000000000e+04
8.134100000000000000e+04
1.000000000000000000e+05
8.608500000000000000e+04
9.575100000000000000e+04
1.000000000000000000e+05
1.000000000000000000e+05
9.383500000000000000e+04
8.790800000000000000e+04
1.000000000000000000e+05
9.615800000000000000e+04
1.000000000000000000e+05
1.000000000000000000e+05
9.321700000000000000e+04
1.000000000000000000e+05
1.000000000000000000e+05
1.000000000000000000e+05
1.000000000000000000e+05
1.000000000000000000e+05
8.902200000000000000e+04
8.511200000000000000e+04
9.632400000000000000e+04
1.000000000000000000e+05
7.216400000000000000e+04
1.000000000000000000e+05
1.000000000000000000e+05
1.000000000000000000e+05
1.000000000000000000e+05
1.000000000000000000e+05
8.752500000000000000e+04
1.000000000000000000e+05
1.000000000000000000e+05
9.758100000000000000e+04
9.230300000000000000e+04
1.000000000000000000e+05
1.000000000000000000e+05
1.000000000000000000e+05
1.000000000000000000e+05
1.000000000000000000e+05
7.418600000000000000e+04
1.000000000000000000e+05
1.000000000000000000e+05
1.000000000000000000e+05
6.631000000000000000e+04
1.000000000000000000e+05
9.820800000000000000e+04
1.000000000000000000e+05
1.000000000000000000e+05
1.000000000000000000e+05
1.000000000000000000e+05
7.574200000000000000e+04
1.000000000000000000e+05
7.966600000000000000e+04
7.869200000000000000e+04
8.422100000000000000e+04
1.000000000000000000e+05
1.000000000000000000e+05
9.569000000000000000e+04
1.000000000000000000e+05
1.000000000000000000e+05
8.416500000000000000e+04
9.114700000000000000e+04
1.000000000000000000e+05
1.000000000000000000e+05
1.000000000000000000e+05
1.000000000000000000e+05
1.000000000000000000e+05
8.992400000000000000e+04
1.000000000000000000e+05
1.000000000000000000e+05
1.000000000000000000e+05
8.988800000000000000e+04
1.000000000000000000e+05
1.000000000000000000e+05
1.000000000000000000e+05
1.000000000000000000e+05
1.000000000000000000e+05
1.000000000000000000e+05
8.425900000000000000e+04
1.000000000000000000e+05
1.000000000000000000e+05
8.687000000000000000e+04
1.000000000000000000e+05
1.000000000000000000e+05
1.000000000000000000e+05
1.000000000000000000e+05
1.000000000000000000e+05
1.000000000000000000e+05
1.000000000000000000e+05
9.955100000000000000e+04
1.000000000000000000e+05
1.000000000000000000e+05
1.000000000000000000e+05
1.000000000000000000e+05
8.858900000000000000e+04
1.000000000000000000e+05
1.000000000000000000e+05
1.000000000000000000e+05
1.000000000000000000e+05
1.000000000000000000e+05
6.714800000000000000e+04
1.000000000000000000e+05
9.442600000000000000e+04
1.000000000000000000e+05
8.543900000000000000e+04
8.480300000000000000e+04
1.000000000000000000e+05
1.000000000000000000e+05
7.050700000000000000e+04
9.010800000000000000e+04
1.000000000000000000e+05
1.000000000000000000e+05
9.606300000000000000e+04
1.000000000000000000e+05
1.000000000000000000e+05
1.000000000000000000e+05
1.000000000000000000e+05
1.000000000000000000e+05
9.769800000000000000e+04
1.000000000000000000e+05
1.000000000000000000e+05
1.000000000000000000e+05
1.000000000000000000e+05
1.000000000000000000e+05
1.000000000000000000e+05
9.574300000000000000e+04
1.000000000000000000e+05
9.293500000000000000e+04
1.000000000000000000e+05
1.000000000000000000e+05
1.000000000000000000e+05
1.000000000000000000e+05
6.246800000000000000e+04
1.000000000000000000e+05
1.000000000000000000e+05
1.000000000000000000e+05
1.000000000000000000e+05
9.676800000000000000e+04
1.000000000000000000e+05
9.431200000000000000e+04
1.000000000000000000e+05
1.000000000000000000e+05
1.000000000000000000e+05
7.589700000000000000e+04
1.000000000000000000e+05
1.000000000000000000e+05
1.000000000000000000e+05
1.000000000000000000e+05
1.000000000000000000e+05
7.170600000000000000e+04
9.650100000000000000e+04
1.000000000000000000e+05
1.000000000000000000e+05
1.000000000000000000e+05
9.609800000000000000e+04
1.000000000000000000e+05
1.000000000000000000e+05
9.256100000000000000e+04
1.000000000000000000e+05
8.083800000000000000e+04
7.188500000000000000e+04
1.000000000000000000e+05
8.027700000000000000e+04
1.000000000000000000e+05
7.418500000000000000e+04
8.808300000000000000e+04
8.660400000000000000e+04
1.000000000000000000e+05
1.000000000000000000e+05
1.000000000000000000e+05
1.000000000000000000e+05
9.256400000000000000e+04
1.000000000000000000e+05
1.000000000000000000e+05
1.000000000000000000e+05
6.945400000000000000e+04
7.233200000000000000e+04
1.000000000000000000e+05
1.000000000000000000e+05
1.000000000000000000e+05
1.000000000000000000e+05
8.631100000000000000e+04
1.000000000000000000e+05
1.000000000000000000e+05
8.764300000000000000e+04
9.816300000000000000e+04
1.000000000000000000e+05
1.000000000000000000e+05
1.000000000000000000e+05
1.000000000000000000e+05
1.000000000000000000e+05
1.000000000000000000e+05
1.000000000000000000e+05
1.000000000000000000e+05
1.000000000000000000e+05
1.000000000000000000e+05
9.530400000000000000e+04
1.000000000000000000e+05
9.095600000000000000e+04
1.000000000000000000e+05
1.000000000000000000e+05
1.000000000000000000e+05
1.000000000000000000e+05
1.000000000000000000e+05
9.849800000000000000e+04
1.000000000000000000e+05
7.321100000000000000e+04
9.781500000000000000e+04
9.810500000000000000e+04
1.000000000000000000e+05
1.000000000000000000e+05
1.000000000000000000e+05
9.427900000000000000e+04
1.000000000000000000e+05
1.000000000000000000e+05
1.000000000000000000e+05
8.929500000000000000e+04
1.000000000000000000e+05
1.000000000000000000e+05
1.000000000000000000e+05
1.000000000000000000e+05
8.831900000000000000e+04
8.544500000000000000e+04
1.000000000000000000e+05
1.000000000000000000e+05
1.000000000000000000e+05
1.000000000000000000e+05
1.000000000000000000e+05
1.000000000000000000e+05
1.000000000000000000e+05
1.000000000000000000e+05
9.324800000000000000e+04
1.000000000000000000e+05
1.000000000000000000e+05
1.000000000000000000e+05
1.000000000000000000e+05
1.000000000000000000e+05
8.063500000000000000e+04
9.976700000000000000e+04
1.000000000000000000e+05
1.000000000000000000e+05
1.000000000000000000e+05
1.000000000000000000e+05
1.000000000000000000e+05
1.000000000000000000e+05
1.000000000000000000e+05
1.000000000000000000e+05
8.934500000000000000e+04
1.000000000000000000e+05
1.000000000000000000e+05
6.920700000000000000e+04
1.000000000000000000e+05
8.876700000000000000e+04
1.000000000000000000e+05
1.000000000000000000e+05
1.000000000000000000e+05
1.000000000000000000e+05
9.476500000000000000e+04
1.000000000000000000e+05
8.923500000000000000e+04
1.000000000000000000e+05
1.000000000000000000e+05
1.000000000000000000e+05
1.000000000000000000e+05
1.000000000000000000e+05
9.788700000000000000e+04
1.000000000000000000e+05
1.000000000000000000e+05
9.745100000000000000e+04
1.000000000000000000e+05
8.419100000000000000e+04
7.927400000000000000e+04
1.000000000000000000e+05
1.000000000000000000e+05
1.000000000000000000e+05
6.053500000000000000e+04
1.000000000000000000e+05
1.000000000000000000e+05
1.000000000000000000e+05
1.000000000000000000e+05
8.715400000000000000e+04
6.375900000000000000e+04
1.000000000000000000e+05
1.000000000000000000e+05
1.000000000000000000e+05
8.657500000000000000e+04
8.865200000000000000e+04
9.890100000000000000e+04
1.000000000000000000e+05
9.729600000000000000e+04
9.246900000000000000e+04
1.000000000000000000e+05
1.000000000000000000e+05
9.427300000000000000e+04
1.000000000000000000e+05
1.000000000000000000e+05
9.116800000000000000e+04
1.000000000000000000e+05
9.303100000000000000e+04
1.000000000000000000e+05
1.000000000000000000e+05
1.000000000000000000e+05
9.055300000000000000e+04
1.000000000000000000e+05
1.000000000000000000e+05
9.755900000000000000e+04
8.758100000000000000e+04
1.000000000000000000e+05
1.000000000000000000e+05
1.000000000000000000e+05
8.884400000000000000e+04
8.952500000000000000e+04
9.720900000000000000e+04
8.845400000000000000e+04
1.000000000000000000e+05
1.000000000000000000e+05
7.704900000000000000e+04
1.000000000000000000e+05
1.000000000000000000e+05
1.000000000000000000e+05
1.000000000000000000e+05
1.000000000000000000e+05
8.960800000000000000e+04
1.000000000000000000e+05
1.000000000000000000e+05
1.000000000000000000e+05
1.000000000000000000e+05
1.000000000000000000e+05
1.000000000000000000e+05
1.000000000000000000e+05
1.000000000000000000e+05
1.000000000000000000e+05
1.000000000000000000e+05
1.000000000000000000e+05
9.658500000000000000e+04
1.000000000000000000e+05
9.580400000000000000e+04
1.000000000000000000e+05
1.000000000000000000e+05
1.000000000000000000e+05
1.000000000000000000e+05
1.000000000000000000e+05
1.000000000000000000e+05
1.000000000000000000e+05
8.491300000000000000e+04
1.000000000000000000e+05
1.000000000000000000e+05
8.573500000000000000e+04
1.000000000000000000e+05
1.000000000000000000e+05
1.000000000000000000e+05
9.897700000000000000e+04
1.000000000000000000e+05
1.000000000000000000e+05
1.000000000000000000e+05
1.000000000000000000e+05
1.000000000000000000e+05
8.823600000000000000e+04
9.177200000000000000e+04
7.609600000000000000e+04
1.000000000000000000e+05
1.000000000000000000e+05
9.252900000000000000e+04
1.000000000000000000e+05
1.000000000000000000e+05
9.384100000000000000e+04
1.000000000000000000e+05
1.000000000000000000e+05
1.000000000000000000e+05
7.367400000000000000e+04
1.000000000000000000e+05
8.182000000000000000e+04
9.612600000000000000e+04
1.000000000000000000e+05
1.000000000000000000e+05
7.983000000000000000e+04
8.580900000000000000e+04
1.000000000000000000e+05
9.659700000000000000e+04
1.000000000000000000e+05
1.000000000000000000e+05
1.000000000000000000e+05
1.000000000000000000e+05
1.000000000000000000e+05
1.000000000000000000e+05
1.000000000000000000e+05
1.000000000000000000e+05
1.000000000000000000e+05
1.000000000000000000e+05
1.000000000000000000e+05
1.000000000000000000e+05
9.465900000000000000e+04
9.399100000000000000e+04
1.000000000000000000e+05
1.000000000000000000e+05
1.000000000000000000e+05
1.000000000000000000e+05
1.000000000000000000e+05
1.000000000000000000e+05
8.066300000000000000e+04
7.447700000000000000e+04
1.000000000000000000e+05
1.000000000000000000e+05
9.512200000000000000e+04
9.764300000000000000e+04
1.000000000000000000e+05
1.000000000000000000e+05
1.000000000000000000e+05
1.000000000000000000e+05
1.000000000000000000e+05
1.000000000000000000e+05
1.000000000000000000e+05
8.845100000000000000e+04
8.147400000000000000e+04
8.441400000000000000e+04
1.000000000000000000e+05
5.183200000000000000e+04
1.000000000000000000e+05
1.000000000000000000e+05
1.000000000000000000e+05
7.363600000000000000e+04
9.927000000000000000e+04
1.000000000000000000e+05
1.000000000000000000e+05
1.000000000000000000e+05
1.000000000000000000e+05
7.472500000000000000e+04
1.000000000000000000e+05
7.406700000000000000e+04
1.000000000000000000e+05
1.000000000000000000e+05
8.680100000000000000e+04
1.000000000000000000e+05
7.918500000000000000e+04
1.000000000000000000e+05
9.981400000000000000e+04
1.000000000000000000e+05
9.056400000000000000e+04
1.000000000000000000e+05
1.000000000000000000e+05
1.000000000000000000e+05
1.000000000000000000e+05
1.000000000000000000e+05
1.000000000000000000e+05
1.000000000000000000e+05
1.000000000000000000e+05
1.000000000000000000e+05
1.000000000000000000e+05
1.000000000000000000e+05
9.331400000000000000e+04
1.000000000000000000e+05
1.000000000000000000e+05
8.392500000000000000e+04
1.000000000000000000e+05
1.000000000000000000e+05
9.938900000000000000e+04
9.087800000000000000e+04
8.312900000000000000e+04
1.000000000000000000e+05
1.000000000000000000e+05
8.576700000000000000e+04
8.851100000000000000e+04
1.000000000000000000e+05
1.000000000000000000e+05
9.785200000000000000e+04
1.000000000000000000e+05
9.925700000000000000e+04
1.000000000000000000e+05
1.000000000000000000e+05
1.000000000000000000e+05
1.000000000000000000e+05
1.000000000000000000e+05
9.944500000000000000e+04
9.243500000000000000e+04
9.538400000000000000e+04
1.000000000000000000e+05
1.000000000000000000e+05
8.329300000000000000e+04
1.000000000000000000e+05
7.159300000000000000e+04
1.000000000000000000e+05
1.000000000000000000e+05
1.000000000000000000e+05
9.757300000000000000e+04
1.000000000000000000e+05
1.000000000000000000e+05
9.035500000000000000e+04
1.000000000000000000e+05
9.214900000000000000e+04
1.000000000000000000e+05
1.000000000000000000e+05
1.000000000000000000e+05
1.000000000000000000e+05
