7.176000000000000000e+03
8.789000000000000000e+03
9.734000000000000000e+03
1.057200000000000000e+04
1.119800000000000000e+04
1.154300000000000000e+04
1.025200000000000000e+04
1.154300000000000000e+04
1.039700000000000000e+04
1.104200000000000000e+04
1.215400000000000000e+04
1.314900000000000000e+04
1.289900000000000000e+04
1.111600000000000000e+04
1.272100000000000000e+04
1.232600000000000000e+04
1.126900000000000000e+04
1.126000000000000000e+04
1.314400000000000000e+04
1.152400000000000000e+04
1.221200000000000000e+04
1.259900000000000000e+04
1.243700000000000000e+04
1.073000000000000000e+04
1.273300000000000000e+04
1.278300000000000000e+04
1.495000000000000000e+04
1.253000000000000000e+04
1.446400000000000000e+04
1.408600000000000000e+04
1.266100000000000000e+04
1.403800000000000000e+04
1.540300000000000000e+04
1.233900000000000000e+04
1.315700000000000000e+04
1.699800000000000000e+04
1.223000000000000000e+04
1.367700000000000000e+04
1.054000000000000000e+04
1.578700000000000000e+04
1.490600000000000000e+04
1.616700000000000000e+04
1.446700000000000000e+04
1.188800000000000000e+04
1.592800000000000000e+04
9.562000000000000000e+03
1.689300000000000000e+04
1.498300000000000000e+04
8.697000000000000000e+03
1.635300000000000000e+04
1.367700000000000000e+04
1.573700000000000000e+04
1.488900000000000000e+04
9.561000000000000000e+03
7.662000000000000000e+03
1.634700000000000000e+04
1.369600000000000000e+04
1.459100000000000000e+04
1.366800000000000000e+04
1.080400000000000000e+04
1.301100000000000000e+04
1.268400000000000000e+04
1.068500000000000000e+04
1.227500000000000000e+04
1.311200000000000000e+04
1.207400000000000000e+04
1.413400000000000000e+04
1.342100000000000000e+04
1.279300000000000000e+04
1.101300000000000000e+04
2.203700000000000000e+04
1.547200000000000000e+04
1.014000000000000000e+04
1.555200000000000000e+04
1.445200000000000000e+04
1.287700000000000000e+04
1.222800000000000000e+04
1.522200000000000000e+04
9.450000000000000000e+03
1.285100000000000000e+04
1.434800000000000000e+04
1.488000000000000000e+04
1.627500000000000000e+04
1.302600000000000000e+04
1.571600000000000000e+04
9.883000000000000000e+03
1.342600000000000000e+04
1.601800000000000000e+04
1.528100000000000000e+04
1.451600000000000000e+04
1.530000000000000000e+04
1.288400000000000000e+04
1.353100000000000000e+04
1.699800000000000000e+04
1.196300000000000000e+04
1.087200000000000000e+04
1.068700000000000000e+04
1.295900000000000000e+04
1.597900000000000000e+04
1.657000000000000000e+04
1.565300000000000000e+04
1.249100000000000000e+04
1.142800000000000000e+04
1.427100000000000000e+04
1.118000000000000000e+04
9.990000000000000000e+03
1.118000000000000000e+04
1.784700000000000000e+04
1.744100000000000000e+04
1.012700000000000000e+04
1.770500000000000000e+04
1.159700000000000000e+04
1.553500000000000000e+04
1.036500000000000000e+04
7.312000000000000000e+03
1.268600000000000000e+04
1.129600000000000000e+04
1.136400000000000000e+04
1.788500000000000000e+04
1.235500000000000000e+04
1.308100000000000000e+04
1.198200000000000000e+04
1.490400000000000000e+04
1.957000000000000000e+04
1.328400000000000000e+04
1.325500000000000000e+04
1.452400000000000000e+04
1.309200000000000000e+04
1.225100000000000000e+04
1.361800000000000000e+04
1.910100000000000000e+04
1.690900000000000000e+04
1.289400000000000000e+04
1.358500000000000000e+04
1.102200000000000000e+04
1.400500000000000000e+04
1.321400000000000000e+04
1.130000000000000000e+04
1.025200000000000000e+04
1.026100000000000000e+04
1.361600000000000000e+04
1.244000000000000000e+04
1.450200000000000000e+04
8.408000000000000000e+03
1.720700000000000000e+04
1.635000000000000000e+04
1.528900000000000000e+04
1.183300000000000000e+04
1.156600000000000000e+04
1.082900000000000000e+04
1.144200000000000000e+04
1.505200000000000000e+04
1.569300000000000000e+04
1.291900000000000000e+04
1.366200000000000000e+04
9.294000000000000000e+03
1.511400000000000000e+04
1.514900000000000000e+04
1.397500000000000000e+04
1.384100000000000000e+04
1.368300000000000000e+04
1.658300000000000000e+04
1.657600000000000000e+04
1.216000000000000000e+04
1.216600000000000000e+04
1.465300000000000000e+04
1.539400000000000000e+04
1.450500000000000000e+04
1.087300000000000000e+04
1.812300000000000000e+04
1.639100000000000000e+04
1.512000000000000000e+04
1.012900000000000000e+04
1.264300000000000000e+04
1.201200000000000000e+04
1.346800000000000000e+04
1.093900000000000000e+04
1.341300000000000000e+04
1.251100000000000000e+04
1.350200000000000000e+04
1.561100000000000000e+04
1.800400000000000000e+04
9.706000000000000000e+03
1.430700000000000000e+04
1.434800000000000000e+04
1.228100000000000000e+04
1.237100000000000000e+04
1.260200000000000000e+04
1.575800000000000000e+04
1.298900000000000000e+04
1.530200000000000000e+04
1.189100000000000000e+04
1.633900000000000000e+04
1.245600000000000000e+04
1.099300000000000000e+04
1.920100000000000000e+04
1.419500000000000000e+04
1.660700000000000000e+04
1.643100000000000000e+04
9.180000000000000000e+03
1.089500000000000000e+04
1.394000000000000000e+04
1.289700000000000000e+04
1.151500000000000000e+04
1.396100000000000000e+04
1.586700000000000000e+04
1.054700000000000000e+04
1.441600000000000000e+04
1.101100000000000000e+04
1.595900000000000000e+04
1.381900000000000000e+04
1.457900000000000000e+04
1.462100000000000000e+04
1.520300000000000000e+04
8.220000000000000000e+03
1.014200000000000000e+04
1.478300000000000000e+04
1.101300000000000000e+04
1.326700000000000000e+04
1.870500000000000000e+04
1.440000000000000000e+04
1.057300000000000000e+04
1.829400000000000000e+04
1.191600000000000000e+04
1.146400000000000000e+04
1.388300000000000000e+04
9.303000000000000000e+03
1.662500000000000000e+04
1.499400000000000000e+04
1.362500000000000000e+04
1.561000000000000000e+04
1.319900000000000000e+04
9.879000000000000000e+03
1.274200000000000000e+04
1.356000000000000000e+04
1.166600000000000000e+04
1.063500000000000000e+04
1.026300000000000000e+04
1.556200000000000000e+04
1.837000000000000000e+04
8.967000000000000000e+03
1.028900000000000000e+04
1.922200000000000000e+04
1.092500000000000000e+04
1.288300000000000000e+04
1.167200000000000000e+04
1.502500000000000000e+04
1.308300000000000000e+04
1.381200000000000000e+04
1.577800000000000000e+04
1.253000000000000000e+04
1.430800000000000000e+04
1.087800000000000000e+04
1.117100000000000000e+04
1.311700000000000000e+04
1.562500000000000000e+04
1.283800000000000000e+04
1.248700000000000000e+04
1.432700000000000000e+04
1.375100000000000000e+04
1.737400000000000000e+04
1.475200000000000000e+04
1.242100000000000000e+04
2.117300000000000000e+04
1.395200000000000000e+04
1.279600000000000000e+04
1.122300000000000000e+04
1.513600000000000000e+04
1.383100000000000000e+04
2.015600000000000000e+04
1.545300000000000000e+04
1.337400000000000000e+04
1.096300000000000000e+04
1.289600000000000000e+04
1.366900000000000000e+04
1.508800000000000000e+04
1.373800000000000000e+04
1.420200000000000000e+04
1.216900000000000000e+04
1.430900000000000000e+04
1.403600000000000000e+04
1.277100000000000000e+04
1.188000000000000000e+04
1.573700000000000000e+04
1.923400000000000000e+04
1.597200000000000000e+04
1.180700000000000000e+04
1.493100000000000000e+04
1.796100000000000000e+04
1.003200000000000000e+04
1.485800000000000000e+04
1.295000000000000000e+04
1.820200000000000000e+04
1.816900000000000000e+04
1.469400000000000000e+04
1.304900000000000000e+04
2.125600000000000000e+04
1.517000000000000000e+04
9.323000000000000000e+03
1.125700000000000000e+04
1.187700000000000000e+04
1.505900000000000000e+04
1.103900000000000000e+04
1.668000000000000000e+04
1.581000000000000000e+04
1.317200000000000000e+04
1.374100000000000000e+04
1.021600000000000000e+04
1.066000000000000000e+04
1.239100000000000000e+04
9.185000000000000000e+03
9.047000000000000000e+03
1.642800000000000000e+04
1.912200000000000000e+04
1.503700000000000000e+04
1.304200000000000000e+04
1.190400000000000000e+04
1.719900000000000000e+04
1.175200000000000000e+04
1.713200000000000000e+04
1.352000000000000000e+04
1.380300000000000000e+04
1.657700000000000000e+04
1.503900000000000000e+04
1.898000000000000000e+04
1.204700000000000000e+04
1.207800000000000000e+04
1.275300000000000000e+04
1.319300000000000000e+04
1.717100000000000000e+04
7.650000000000000000e+03
9.962000000000000000e+03
1.351100000000000000e+04
1.681500000000000000e+04
1.563300000000000000e+04
1.644000000000000000e+04
1.556300000000000000e+04
1.059400000000000000e+04
8.629000000000000000e+03
1.402900000000000000e+04
1.585900000000000000e+04
1.170600000000000000e+04
1.181700000000000000e+04
8.965000000000000000e+03
1.457000000000000000e+04
1.764900000000000000e+04
1.341600000000000000e+04
1.036500000000000000e+04
1.755300000000000000e+04
1.316600000000000000e+04
1.347200000000000000e+04
1.373200000000000000e+04
1.651400000000000000e+04
1.135000000000000000e+04
1.618700000000000000e+04
1.659800000000000000e+04
1.555800000000000000e+04
1.283700000000000000e+04
1.278400000000000000e+04
1.131300000000000000e+04
1.238800000000000000e+04
1.103900000000000000e+04
9.342000000000000000e+03
1.615900000000000000e+04
1.353400000000000000e+04
1.479500000000000000e+04
1.556000000000000000e+04
1.254400000000000000e+04
1.718600000000000000e+04
1.574200000000000000e+04
1.478800000000000000e+04
1.538600000000000000e+04
1.178900000000000000e+04
1.759900000000000000e+04
1.704900000000000000e+04
1.120000000000000000e+04
1.768400000000000000e+04
9.785000000000000000e+03
1.178800000000000000e+04
1.254600000000000000e+04
1.247100000000000000e+04
1.069600000000000000e+04
1.451800000000000000e+04
1.107100000000000000e+04
1.392000000000000000e+04
1.880600000000000000e+04
1.242800000000000000e+04
1.707100000000000000e+04
1.506900000000000000e+04
1.204000000000000000e+04
1.553200000000000000e+04
1.633600000000000000e+04
1.452500000000000000e+04
1.434600000000000000e+04
1.206400000000000000e+04
1.140300000000000000e+04
1.528200000000000000e+04
1.693100000000000000e+04
1.686800000000000000e+04
1.747700000000000000e+04
1.386400000000000000e+04
1.263900000000000000e+04
1.174100000000000000e+04
1.780700000000000000e+04
1.767800000000000000e+04
1.715100000000000000e+04
1.105400000000000000e+04
1.205200000000000000e+04
1.489400000000000000e+04
1.285200000000000000e+04
1.123200000000000000e+04
1.258700000000000000e+04
1.647900000000000000e+04
1.663100000000000000e+04
1.730800000000000000e+04
1.465100000000000000e+04
1.883700000000000000e+04
1.695000000000000000e+04
1.642200000000000000e+04
1.153900000000000000e+04
1.102000000000000000e+04
1.414700000000000000e+04
1.433400000000000000e+04
1.594100000000000000e+04
1.359900000000000000e+04
1.568700000000000000e+04
1.352600000000000000e+04
1.627100000000000000e+04
1.158800000000000000e+04
1.477500000000000000e+04
1.876300000000000000e+04
1.121100000000000000e+04
1.321000000000000000e+04
9.351000000000000000e+03
1.035000000000000000e+04
2.009300000000000000e+04
1.361400000000000000e+04
1.045200000000000000e+04
1.737000000000000000e+04
1.231000000000000000e+04
1.128200000000000000e+04
1.375200000000000000e+04
1.346300000000000000e+04
1.362400000000000000e+04
1.018700000000000000e+04
1.604100000000000000e+04
9.771000000000000000e+03
1.135700000000000000e+04
1.071600000000000000e+04
1.150100000000000000e+04
1.212300000000000000e+04
1.112500000000000000e+04
1.438200000000000000e+04
1.983100000000000000e+04
1.836000000000000000e+04
1.029900000000000000e+04
1.542500000000000000e+04
9.530000000000000000e+03
1.129800000000000000e+04
1.264400000000000000e+04
1.254300000000000000e+04
1.134700000000000000e+04
1.185400000000000000e+04
1.134100000000000000e+04
1.497500000000000000e+04
1.623600000000000000e+04
1.225600000000000000e+04
1.221700000000000000e+04
1.895300000000000000e+04
1.715300000000000000e+04
1.619600000000000000e+04
9.773000000000000000e+03
1.686600000000000000e+04
1.409200000000000000e+04
7.505000000000000000e+03
1.600700000000000000e+04
1.229600000000000000e+04
9.512000000000000000e+03
1.840600000000000000e+04
1.124200000000000000e+04
1.443200000000000000e+04
1.243100000000000000e+04
1.289300000000000000e+04
1.119600000000000000e+04
1.061200000000000000e+04
9.879000000000000000e+03
9.428000000000000000e+03
1.708300000000000000e+04
1.457400000000000000e+04
1.447300000000000000e+04
1.306600000000000000e+04
1.203100000000000000e+04
1.728700000000000000e+04
1.041100000000000000e+04
1.303700000000000000e+04
1.472000000000000000e+04
1.525000000000000000e+04
1.288100000000000000e+04
1.290700000000000000e+04
1.707200000000000000e+04
1.510400000000000000e+04
1.453800000000000000e+04
1.207700000000000000e+04
1.250700000000000000e+04
1.410700000000000000e+04
9.269000000000000000e+03
1.121300000000000000e+04
1.844300000000000000e+04
1.347100000000000000e+04
1.118100000000000000e+04
1.688600000000000000e+04
1.214000000000000000e+04
1.191000000000000000e+04
1.580800000000000000e+04
1.330700000000000000e+04
1.311200000000000000e+04
9.038000000000000000e+03
8.895000000000000000e+03
1.016100000000000000e+04
1.720400000000000000e+04
1.298300000000000000e+04
1.395600000000000000e+04
1.214800000000000000e+04
1.648800000000000000e+04
9.632000000000000000e+03
1.552000000000000000e+04
1.354400000000000000e+04
1.811500000000000000e+04
1.321500000000000000e+04
1.131100000000000000e+04
1.426500000000000000e+04
1.569600000000000000e+04
1.383200000000000000e+04
1.540300000000000000e+04
1.140800000000000000e+04
9.718000000000000000e+03
1.571400000000000000e+04
1.430000000000000000e+04
1.130600000000000000e+04
1.509200000000000000e+04
9.771000000000000000e+03
1.293900000000000000e+04
1.344500000000000000e+04
1.587300000000000000e+04
1.179500000000000000e+04
1.328500000000000000e+04
1.518500000000000000e+04
1.713600000000000000e+04
1.030600000000000000e+04
1.384300000000000000e+04
1.288700000000000000e+04
1.350600000000000000e+04
1.735500000000000000e+04
1.614300000000000000e+04
1.317800000000000000e+04
1.398100000000000000e+04
1.409000000000000000e+04
1.313100000000000000e+04
1.427200000000000000e+04
1.898500000000000000e+04
1.266300000000000000e+04
1.624200000000000000e+04
1.713400000000000000e+04
1.444300000000000000e+04
1.434100000000000000e+04
8.421000000000000000e+03
1.052600000000000000e+04
1.363300000000000000e+04
1.095000000000000000e+04
1.393300000000000000e+04
1.265500000000000000e+04
1.100000000000000000e+04
1.047000000000000000e+04
1.481900000000000000e+04
1.668100000000000000e+04
1.772600000000000000e+04
1.773200000000000000e+04
1.382500000000000000e+04
1.325400000000000000e+04
1.419400000000000000e+04
1.690300000000000000e+04
1.245200000000000000e+04
1.157600000000000000e+04
1.527100000000000000e+04
1.185900000000000000e+04
1.145700000000000000e+04
1.227700000000000000e+04
1.683300000000000000e+04
1.572100000000000000e+04
1.014800000000000000e+04
1.285700000000000000e+04
1.104000000000000000e+04
1.599100000000000000e+04
1.705100000000000000e+04
1.232000000000000000e+04
1.697600000000000000e+04
1.275100000000000000e+04
1.413200000000000000e+04
1.574300000000000000e+04
2.340700000000000000e+04
1.231000000000000000e+04
1.455000000000000000e+04
1.450500000000000000e+04
1.491500000000000000e+04
1.144500000000000000e+04
1.446700000000000000e+04
1.217700000000000000e+04
9.942000000000000000e+03
1.570000000000000000e+04
1.446500000000000000e+04
1.245100000000000000e+04
1.351600000000000000e+04
1.366200000000000000e+04
9.690000000000000000e+03
1.690600000000000000e+04
1.314300000000000000e+04
1.417800000000000000e+04
1.238900000000000000e+04
1.323400000000000000e+04
1.752300000000000000e+04
1.528400000000000000e+04
1.445400000000000000e+04
1.238900000000000000e+04
8.994000000000000000e+03
1.526700000000000000e+04
1.192300000000000000e+04
2.049600000000000000e+04
1.006700000000000000e+04
1.223400000000000000e+04
1.944700000000000000e+04
1.463500000000000000e+04
1.118500000000000000e+04
8.570000000000000000e+03
1.027200000000000000e+04
1.084300000000000000e+04
1.514600000000000000e+04
1.091800000000000000e+04
1.012700000000000000e+04
1.898700000000000000e+04
1.961300000000000000e+04
1.075500000000000000e+04
1.703000000000000000e+04
9.991000000000000000e+03
1.216500000000000000e+04
1.685000000000000000e+04
1.439000000000000000e+04
1.551400000000000000e+04
1.564600000000000000e+04
1.286800000000000000e+04
1.236200000000000000e+04
1.056300000000000000e+04
9.112000000000000000e+03
1.490800000000000000e+04
1.340300000000000000e+04
1.490500000000000000e+04
1.035800000000000000e+04
1.241700000000000000e+04
1.925200000000000000e+04
1.714000000000000000e+04
1.429200000000000000e+04
1.761200000000000000e+04
1.411300000000000000e+04
1.445700000000000000e+04
1.331400000000000000e+04
1.530000000000000000e+04
1.504100000000000000e+04
1.104900000000000000e+04
1.145200000000000000e+04
1.621000000000000000e+04
1.253800000000000000e+04
1.515800000000000000e+04
9.183000000000000000e+03
1.374800000000000000e+04
1.319600000000000000e+04
1.605000000000000000e+04
1.484000000000000000e+04
1.650400000000000000e+04
1.569200000000000000e+04
9.963000000000000000e+03
1.091600000000000000e+04
1.536800000000000000e+04
1.602900000000000000e+04
1.232000000000000000e+04
1.294400000000000000e+04
1.505000000000000000e+04
1.518500000000000000e+04
1.565500000000000000e+04
1.383100000000000000e+04
1.941200000000000000e+04
1.354000000000000000e+04
1.580000000000000000e+04
1.325500000000000000e+04
1.393100000000000000e+04
5.945000000000000000e+03
1.705300000000000000e+04
1.530500000000000000e+04
1.267600000000000000e+04
1.445600000000000000e+04
1.084300000000000000e+04
1.280600000000000000e+04
1.096900000000000000e+04
1.250200000000000000e+04
1.651300000000000000e+04
1.218100000000000000e+04
1.552600000000000000e+04
1.213400000000000000e+04
1.103000000000000000e+04
1.419800000000000000e+04
1.137600000000000000e+04
1.323300000000000000e+04
1.241600000000000000e+04
1.408400000000000000e+04
1.693100000000000000e+04
1.137000000000000000e+04
1.373900000000000000e+04
1.503700000000000000e+04
1.302400000000000000e+04
1.301700000000000000e+04
1.271200000000000000e+04
1.651600000000000000e+04
1.770700000000000000e+04
1.128200000000000000e+04
1.058400000000000000e+04
1.463800000000000000e+04
1.184200000000000000e+04
9.975000000000000000e+03
1.192700000000000000e+04
1.234400000000000000e+04
1.442500000000000000e+04
1.442300000000000000e+04
1.131400000000000000e+04
1.570900000000000000e+04
1.085500000000000000e+04
1.551700000000000000e+04
1.146600000000000000e+04
1.361700000000000000e+04
1.391300000000000000e+04
1.349900000000000000e+04
1.195300000000000000e+04
1.249000000000000000e+04
1.382800000000000000e+04
1.731900000000000000e+04
1.144100000000000000e+04
1.720200000000000000e+04
1.732400000000000000e+04
1.721400000000000000e+04
1.305900000000000000e+04
1.285300000000000000e+04
1.026300000000000000e+04
1.282200000000000000e+04
1.289300000000000000e+04
1.579700000000000000e+04
1.439200000000000000e+04
1.864500000000000000e+04
1.249600000000000000e+04
1.247600000000000000e+04
1.406700000000000000e+04
1.819700000000000000e+04
1.780900000000000000e+04
1.541400000000000000e+04
1.436400000000000000e+04
1.199700000000000000e+04
1.222400000000000000e+04
9.363000000000000000e+03
1.297300000000000000e+04
1.741500000000000000e+04
1.005100000000000000e+04
1.743000000000000000e+04
1.850800000000000000e+04
1.518300000000000000e+04
1.480600000000000000e+04
1.054500000000000000e+04
1.525500000000000000e+04
1.195100000000000000e+04
1.465300000000000000e+04
1.375700000000000000e+04
1.565000000000000000e+04
1.360800000000000000e+04
1.173400000000000000e+04
2.111900000000000000e+04
1.682300000000000000e+04
1.262800000000000000e+04
1.258100000000000000e+04
1.176000000000000000e+04
1.409900000000000000e+04
1.330100000000000000e+04
1.194600000000000000e+04
1.501200000000000000e+04
1.134500000000000000e+04
1.881300000000000000e+04
1.214300000000000000e+04
1.331100000000000000e+04
1.544800000000000000e+04
1.576100000000000000e+04
1.083600000000000000e+04
1.207300000000000000e+04
1.422600000000000000e+04
1.521200000000000000e+04
1.469800000000000000e+04
1.378300000000000000e+04
1.311600000000000000e+04
1.493300000000000000e+04
1.091600000000000000e+04
1.458500000000000000e+04
1.595200000000000000e+04
1.226600000000000000e+04
1.285300000000000000e+04
8.919000000000000000e+03
1.414800000000000000e+04
1.550700000000000000e+04
1.336000000000000000e+04
1.229500000000000000e+04
1.232100000000000000e+04
9.335000000000000000e+03
1.538800000000000000e+04
9.275000000000000000e+03
1.890600000000000000e+04
2.000000000000000000e+04
1.566900000000000000e+04
1.166100000000000000e+04
1.170300000000000000e+04
1.457700000000000000e+04
1.265300000000000000e+04
1.484900000000000000e+04
1.456800000000000000e+04
1.866400000000000000e+04
1.612500000000000000e+04
8.693000000000000000e+03
1.290800000000000000e+04
1.154100000000000000e+04
1.553000000000000000e+04
1.435700000000000000e+04
8.961000000000000000e+03
1.528000000000000000e+04
1.894800000000000000e+04
8.212000000000000000e+03
1.378600000000000000e+04
1.471500000000000000e+04
1.503400000000000000e+04
1.814800000000000000e+04
1.306900000000000000e+04
1.671600000000000000e+04
1.755200000000000000e+04
1.419600000000000000e+04
1.352800000000000000e+04
1.579400000000000000e+04
1.244700000000000000e+04
1.964400000000000000e+04
1.302900000000000000e+04
1.309600000000000000e+04
1.127400000000000000e+04
1.401500000000000000e+04
1.259600000000000000e+04
1.370400000000000000e+04
1.566800000000000000e+04
1.133500000000000000e+04
1.216100000000000000e+04
1.214000000000000000e+04
1.384500000000000000e+04
1.503100000000000000e+04
1.488600000000000000e+04
1.384500000000000000e+04
1.649500000000000000e+04
1.329600000000000000e+04
1.791100000000000000e+04
1.490300000000000000e+04
1.763300000000000000e+04
1.465800000000000000e+04
1.704400000000000000e+04
1.074500000000000000e+04
1.136100000000000000e+04
1.342000000000000000e+04
1.038800000000000000e+04
1.187800000000000000e+04
1.504300000000000000e+04
1.491300000000000000e+04
1.527000000000000000e+04
1.165000000000000000e+04
8.191000000000000000e+03
1.492300000000000000e+04
1.293400000000000000e+04
1.152400000000000000e+04
1.605000000000000000e+04
1.401700000000000000e+04
1.111000000000000000e+04
1.367300000000000000e+04
1.237700000000000000e+04
1.358500000000000000e+04
1.338600000000000000e+04
1.375100000000000000e+04
1.728400000000000000e+04
1.407900000000000000e+04
1.150500000000000000e+04
1.209900000000000000e+04
1.247000000000000000e+04
1.219100000000000000e+04
1.759000000000000000e+04
1.319400000000000000e+04
1.227800000000000000e+04
1.406400000000000000e+04
1.447600000000000000e+04
1.399500000000000000e+04
1.065100000000000000e+04
1.750700000000000000e+04
1.706400000000000000e+04
1.522700000000000000e+04
1.046000000000000000e+04
1.809200000000000000e+04
1.251800000000000000e+04
1.500000000000000000e+04
1.610400000000000000e+04
1.473600000000000000e+04
1.490400000000000000e+04
1.605500000000000000e+04
1.143300000000000000e+04
1.210200000000000000e+04
1.376400000000000000e+04
1.570000000000000000e+04
1.071900000000000000e+04
1.427400000000000000e+04
1.239700000000000000e+04
1.286100000000000000e+04
1.301700000000000000e+04
1.210400000000000000e+04
1.368100000000000000e+04
1.207600000000000000e+04
1.721000000000000000e+04
1.214000000000000000e+04
1.203700000000000000e+04
1.199200000000000000e+04
1.173600000000000000e+04
1.243700000000000000e+04
1.436800000000000000e+04
2.100900000000000000e+04
1.127300000000000000e+04
1.407000000000000000e+04
1.368500000000000000e+04
1.822300000000000000e+04
1.009200000000000000e+04
1.524300000000000000e+04
1.502500000000000000e+04
1.291200000000000000e+04
1.644600000000000000e+04
1.620800000000000000e+04
1.455600000000000000e+04
1.497000000000000000e+04
1.120200000000000000e+04
9.631000000000000000e+03
2.084700000000000000e+04
1.481300000000000000e+04
1.393200000000000000e+04
1.029600000000000000e+04
1.243800000000000000e+04
1.296100000000000000e+04
1.110600000000000000e+04
9.939000000000000000e+03
1.911400000000000000e+04
1.210100000000000000e+04
1.372400000000000000e+04
1.429500000000000000e+04
1.408800000000000000e+04
1.390100000000000000e+04
1.190200000000000000e+04
1.116300000000000000e+04
1.500200000000000000e+04
1.146700000000000000e+04
1.499500000000000000e+04
1.595100000000000000e+04
1.106700000000000000e+04
1.033400000000000000e+04
1.214600000000000000e+04
1.459000000000000000e+04
1.394600000000000000e+04
1.505500000000000000e+04
1.419400000000000000e+04
1.338500000000000000e+04
1.363200000000000000e+04
1.620200000000000000e+04
1.026800000000000000e+04
1.525100000000000000e+04
1.426300000000000000e+04
1.513000000000000000e+04
1.474300000000000000e+04
1.418000000000000000e+04
1.233900000000000000e+04
1.300900000000000000e+04
1.295600000000000000e+04
1.493000000000000000e+04
1.287800000000000000e+04
1.954900000000000000e+04
1.238900000000000000e+04
1.892200000000000000e+04
2.105100000000000000e+04
1.361900000000000000e+04
1.492100000000000000e+04
1.653800000000000000e+04
1.631400000000000000e+04
1.404900000000000000e+04
1.517000000000000000e+04
1.945300000000000000e+04
