6.168000000000000000e+03
8.649000000000000000e+03
8.339000000000000000e+03
9.937000000000000000e+03
8.414000000000000000e+03
1.057500000000000000e+04
1.018500000000000000e+04
1.042300000000000000e+04
1.041600000000000000e+04
8.792000000000000000e+03
1.227000000000000000e+04
1.211100000000000000e+04
1.091300000000000000e+04
1.196400000000000000e+04
1.261700000000000000e+04
1.230700000000000000e+04
1.349000000000000000e+04
1.233200000000000000e+04
1.334700000000000000e+04
9.426000000000000000e+03
1.153400000000000000e+04
9.649000000000000000e+03
9.007000000000000000e+03
1.406900000000000000e+04
1.246300000000000000e+04
1.502500000000000000e+04
1.321100000000000000e+04
1.188700000000000000e+04
1.536400000000000000e+04
1.375700000000000000e+04
1.441200000000000000e+04
1.526900000000000000e+04
1.592800000000000000e+04
1.460000000000000000e+04
1.401200000000000000e+04
1.434200000000000000e+04
8.323000000000000000e+03
1.670900000000000000e+04
1.561200000000000000e+04
1.509700000000000000e+04
1.071900000000000000e+04
1.172500000000000000e+04
1.455100000000000000e+04
1.108400000000000000e+04
1.264500000000000000e+04
8.615000000000000000e+03
1.447000000000000000e+04
1.041000000000000000e+04
1.414500000000000000e+04
1.037900000000000000e+04
1.096400000000000000e+04
1.038500000000000000e+04
1.966000000000000000e+04
1.112200000000000000e+04
9.681000000000000000e+03
8.617000000000000000e+03
1.621200000000000000e+04
8.545000000000000000e+03
9.838000000000000000e+03
1.296900000000000000e+04
1.022600000000000000e+04
1.256400000000000000e+04
1.094800000000000000e+04
1.006800000000000000e+04
1.382900000000000000e+04
1.012700000000000000e+04
1.175000000000000000e+04
9.505000000000000000e+03
9.983000000000000000e+03
1.517300000000000000e+04
9.852000000000000000e+03
1.242100000000000000e+04
1.610900000000000000e+04
1.235800000000000000e+04
1.053300000000000000e+04
1.010400000000000000e+04
1.019200000000000000e+04
1.224000000000000000e+04
1.205400000000000000e+04
1.370700000000000000e+04
1.363700000000000000e+04
1.706200000000000000e+04
1.425300000000000000e+04
1.157200000000000000e+04
1.050900000000000000e+04
1.139500000000000000e+04
1.213800000000000000e+04
1.114000000000000000e+04
1.136300000000000000e+04
1.456300000000000000e+04
1.539900000000000000e+04
1.351900000000000000e+04
1.040500000000000000e+04
1.213600000000000000e+04
1.748300000000000000e+04
1.256700000000000000e+04
1.209200000000000000e+04
1.110000000000000000e+04
1.373000000000000000e+04
1.311400000000000000e+04
1.250600000000000000e+04
1.465500000000000000e+04
1.261900000000000000e+04
1.662000000000000000e+04
1.304000000000000000e+04
2.023600000000000000e+04
1.212200000000000000e+04
1.430700000000000000e+04
1.308600000000000000e+04
1.275500000000000000e+04
1.531600000000000000e+04
1.277400000000000000e+04
1.196300000000000000e+04
9.212000000000000000e+03
8.657000000000000000e+03
1.178300000000000000e+04
1.371700000000000000e+04
1.330100000000000000e+04
1.451800000000000000e+04
1.027400000000000000e+04
1.468900000000000000e+04
1.329000000000000000e+04
1.499800000000000000e+04
1.975600000000000000e+04
1.638900000000000000e+04
1.218700000000000000e+04
1.089000000000000000e+04
1.523900000000000000e+04
1.293600000000000000e+04
1.326000000000000000e+04
9.407000000000000000e+03
1.554300000000000000e+04
9.296000000000000000e+03
1.323200000000000000e+04
1.225400000000000000e+04
1.607100000000000000e+04
1.772600000000000000e+04
1.070900000000000000e+04
1.142900000000000000e+04
1.499000000000000000e+04
1.281200000000000000e+04
8.676000000000000000e+03
1.671700000000000000e+04
1.283000000000000000e+04
1.210500000000000000e+04
1.343200000000000000e+04
7.147000000000000000e+03
1.282400000000000000e+04
1.515100000000000000e+04
1.019800000000000000e+04
1.339800000000000000e+04
9.793000000000000000e+03
1.529100000000000000e+04
1.344800000000000000e+04
1.220000000000000000e+04
1.432400000000000000e+04
1.042100000000000000e+04
1.143400000000000000e+04
1.060700000000000000e+04
1.381500000000000000e+04
1.341300000000000000e+04
1.299300000000000000e+04
1.147800000000000000e+04
1.532400000000000000e+04
1.118500000000000000e+04
1.320200000000000000e+04
1.147500000000000000e+04
8.703000000000000000e+03
1.086700000000000000e+04
1.069000000000000000e+04
1.245700000000000000e+04
1.109100000000000000e+04
9.287000000000000000e+03
1.204300000000000000e+04
1.077900000000000000e+04
1.190800000000000000e+04
1.162000000000000000e+04
1.550400000000000000e+04
1.138000000000000000e+04
1.258900000000000000e+04
1.126300000000000000e+04
1.096800000000000000e+04
1.331800000000000000e+04
1.166300000000000000e+04
8.604000000000000000e+03
1.362900000000000000e+04
1.420700000000000000e+04
1.263800000000000000e+04
1.362600000000000000e+04
8.979000000000000000e+03
1.051400000000000000e+04
1.296000000000000000e+04
1.069300000000000000e+04
1.116600000000000000e+04
9.363000000000000000e+03
1.095800000000000000e+04
1.275600000000000000e+04
9.998000000000000000e+03
9.165000000000000000e+03
1.092800000000000000e+04
1.098000000000000000e+04
1.553500000000000000e+04
9.206000000000000000e+03
1.526500000000000000e+04
9.056000000000000000e+03
1.121900000000000000e+04
1.161700000000000000e+04
9.708000000000000000e+03
1.896700000000000000e+04
1.329900000000000000e+04
9.882000000000000000e+03
1.337000000000000000e+04
1.424000000000000000e+04
1.177800000000000000e+04
1.104000000000000000e+04
9.911000000000000000e+03
1.025600000000000000e+04
1.180100000000000000e+04
1.387100000000000000e+04
8.378000000000000000e+03
1.177800000000000000e+04
1.093400000000000000e+04
1.225800000000000000e+04
1.830800000000000000e+04
1.051400000000000000e+04
1.376100000000000000e+04
8.032000000000000000e+03
1.119600000000000000e+04
1.091600000000000000e+04
1.269500000000000000e+04
1.162400000000000000e+04
9.745000000000000000e+03
1.537400000000000000e+04
1.127200000000000000e+04
1.147300000000000000e+04
1.390600000000000000e+04
1.203200000000000000e+04
1.201400000000000000e+04
1.066800000000000000e+04
1.260000000000000000e+04
1.554300000000000000e+04
1.230000000000000000e+04
1.337500000000000000e+04
1.349300000000000000e+04
1.497100000000000000e+04
1.173600000000000000e+04
1.095700000000000000e+04
1.279500000000000000e+04
1.160800000000000000e+04
1.762600000000000000e+04
1.509700000000000000e+04
1.420400000000000000e+04
8.614000000000000000e+03
1.512000000000000000e+04
1.350000000000000000e+04
1.135400000000000000e+04
1.140000000000000000e+04
1.805400000000000000e+04
1.283400000000000000e+04
1.750100000000000000e+04
1.097200000000000000e+04
1.377900000000000000e+04
1.388800000000000000e+04
1.485600000000000000e+04
1.207300000000000000e+04
1.096700000000000000e+04
1.523100000000000000e+04
9.761000000000000000e+03
1.126100000000000000e+04
9.374000000000000000e+03
1.045400000000000000e+04
9.186000000000000000e+03
1.323300000000000000e+04
1.368500000000000000e+04
1.089600000000000000e+04
1.423900000000000000e+04
1.369700000000000000e+04
1.035300000000000000e+04
1.298900000000000000e+04
1.423100000000000000e+04
1.028900000000000000e+04
1.061200000000000000e+04
1.406200000000000000e+04
1.125500000000000000e+04
9.959000000000000000e+03
1.166200000000000000e+04
9.144000000000000000e+03
1.276600000000000000e+04
1.166500000000000000e+04
1.137800000000000000e+04
1.121100000000000000e+04
1.326100000000000000e+04
1.304200000000000000e+04
1.400300000000000000e+04
1.742300000000000000e+04
1.296500000000000000e+04
1.135100000000000000e+04
9.608000000000000000e+03
1.257800000000000000e+04
1.288400000000000000e+04
1.485300000000000000e+04
1.294300000000000000e+04
1.028500000000000000e+04
1.323400000000000000e+04
1.259400000000000000e+04
1.306500000000000000e+04
1.372900000000000000e+04
1.484200000000000000e+04
1.736900000000000000e+04
1.169900000000000000e+04
1.236600000000000000e+04
1.164200000000000000e+04
1.316700000000000000e+04
1.421800000000000000e+04
8.780000000000000000e+03
1.256400000000000000e+04
1.228100000000000000e+04
1.175800000000000000e+04
1.215600000000000000e+04
1.291800000000000000e+04
1.055100000000000000e+04
1.179300000000000000e+04
9.972000000000000000e+03
9.553000000000000000e+03
1.169200000000000000e+04
1.109200000000000000e+04
1.457700000000000000e+04
1.351700000000000000e+04
1.168300000000000000e+04
1.127200000000000000e+04
8.785000000000000000e+03
1.056200000000000000e+04
1.072500000000000000e+04
1.357500000000000000e+04
1.030900000000000000e+04
8.920000000000000000e+03
1.455700000000000000e+04
1.548600000000000000e+04
1.058000000000000000e+04
1.071900000000000000e+04
1.002100000000000000e+04
1.115000000000000000e+04
1.264500000000000000e+04
1.146900000000000000e+04
1.186000000000000000e+04
1.198000000000000000e+04
1.255600000000000000e+04
1.582800000000000000e+04
1.695100000000000000e+04
1.263000000000000000e+04
1.048400000000000000e+04
1.240100000000000000e+04
1.290200000000000000e+04
1.233900000000000000e+04
1.121100000000000000e+04
9.068000000000000000e+03
1.711800000000000000e+04
1.145900000000000000e+04
1.181600000000000000e+04
8.538000000000000000e+03
9.709000000000000000e+03
1.356700000000000000e+04
1.047900000000000000e+04
1.046200000000000000e+04
1.107700000000000000e+04
1.248200000000000000e+04
9.673000000000000000e+03
1.324100000000000000e+04
8.720000000000000000e+03
9.620000000000000000e+03
1.373700000000000000e+04
1.469200000000000000e+04
1.138900000000000000e+04
1.539300000000000000e+04
1.563200000000000000e+04
9.731000000000000000e+03
1.285300000000000000e+04
1.010800000000000000e+04
9.361000000000000000e+03
1.047800000000000000e+04
1.458600000000000000e+04
1.237500000000000000e+04
1.305000000000000000e+04
1.202900000000000000e+04
1.385300000000000000e+04
1.253200000000000000e+04
9.818000000000000000e+03
1.603400000000000000e+04
9.195000000000000000e+03
1.630400000000000000e+04
1.224000000000000000e+04
1.114700000000000000e+04
1.528200000000000000e+04
1.326200000000000000e+04
1.482500000000000000e+04
1.835700000000000000e+04
1.075900000000000000e+04
1.062400000000000000e+04
1.431600000000000000e+04
1.321700000000000000e+04
1.041700000000000000e+04
1.318000000000000000e+04
1.312700000000000000e+04
1.031900000000000000e+04
7.920000000000000000e+03
8.619000000000000000e+03
1.396400000000000000e+04
1.883200000000000000e+04
1.335200000000000000e+04
9.871000000000000000e+03
1.288800000000000000e+04
9.355000000000000000e+03
9.267000000000000000e+03
1.039200000000000000e+04
1.461100000000000000e+04
8.201000000000000000e+03
8.871000000000000000e+03
1.332200000000000000e+04
9.153000000000000000e+03
1.150700000000000000e+04
1.723400000000000000e+04
1.454100000000000000e+04
1.321000000000000000e+04
1.332000000000000000e+04
1.358100000000000000e+04
1.430800000000000000e+04
1.115000000000000000e+04
1.196600000000000000e+04
9.472000000000000000e+03
1.252600000000000000e+04
1.154200000000000000e+04
9.876000000000000000e+03
1.187000000000000000e+04
1.541300000000000000e+04
9.289000000000000000e+03
2.139300000000000000e+04
8.955000000000000000e+03
1.388300000000000000e+04
1.043500000000000000e+04
1.289700000000000000e+04
1.010000000000000000e+04
1.365400000000000000e+04
1.338200000000000000e+04
1.509500000000000000e+04
1.079400000000000000e+04
1.531100000000000000e+04
1.258800000000000000e+04
1.345800000000000000e+04
8.690000000000000000e+03
1.588900000000000000e+04
1.708900000000000000e+04
1.294900000000000000e+04
1.841300000000000000e+04
1.217300000000000000e+04
1.020600000000000000e+04
1.081400000000000000e+04
1.038700000000000000e+04
8.566000000000000000e+03
1.109200000000000000e+04
1.062000000000000000e+04
1.429400000000000000e+04
1.404300000000000000e+04
1.179700000000000000e+04
1.612700000000000000e+04
1.517800000000000000e+04
1.494500000000000000e+04
1.128300000000000000e+04
1.050300000000000000e+04
9.203000000000000000e+03
9.510000000000000000e+03
1.053900000000000000e+04
1.238800000000000000e+04
1.164900000000000000e+04
1.058500000000000000e+04
1.150600000000000000e+04
1.227000000000000000e+04
1.056000000000000000e+04
9.411000000000000000e+03
1.139500000000000000e+04
1.582900000000000000e+04
1.349600000000000000e+04
1.159600000000000000e+04
1.344700000000000000e+04
9.012000000000000000e+03
1.552700000000000000e+04
1.381100000000000000e+04
2.067800000000000000e+04
1.455800000000000000e+04
1.112900000000000000e+04
1.592000000000000000e+04
1.213300000000000000e+04
9.173000000000000000e+03
1.191400000000000000e+04
1.080800000000000000e+04
1.132100000000000000e+04
9.031000000000000000e+03
1.074100000000000000e+04
1.353000000000000000e+04
9.642000000000000000e+03
1.124600000000000000e+04
9.573000000000000000e+03
1.253500000000000000e+04
1.196900000000000000e+04
1.418300000000000000e+04
8.557000000000000000e+03
1.072300000000000000e+04
1.145200000000000000e+04
1.286400000000000000e+04
1.189900000000000000e+04
1.489400000000000000e+04
1.387300000000000000e+04
1.113600000000000000e+04
1.345100000000000000e+04
1.171000000000000000e+04
1.689400000000000000e+04
1.750100000000000000e+04
1.107400000000000000e+04
1.219100000000000000e+04
1.370900000000000000e+04
1.003500000000000000e+04
1.397100000000000000e+04
1.899400000000000000e+04
1.103300000000000000e+04
1.663100000000000000e+04
9.739000000000000000e+03
1.044000000000000000e+04
1.078000000000000000e+04
1.352300000000000000e+04
1.372100000000000000e+04
1.269100000000000000e+04
1.477000000000000000e+04
1.364100000000000000e+04
7.840000000000000000e+03
1.649900000000000000e+04
1.282500000000000000e+04
9.863000000000000000e+03
1.230300000000000000e+04
1.198200000000000000e+04
1.275300000000000000e+04
9.946000000000000000e+03
1.289900000000000000e+04
1.195800000000000000e+04
1.296800000000000000e+04
1.318500000000000000e+04
9.570000000000000000e+03
1.085100000000000000e+04
9.478000000000000000e+03
7.465000000000000000e+03
1.281400000000000000e+04
1.432800000000000000e+04
1.264000000000000000e+04
1.095600000000000000e+04
9.396000000000000000e+03
1.316600000000000000e+04
1.347600000000000000e+04
1.530800000000000000e+04
1.474200000000000000e+04
1.567600000000000000e+04
1.216500000000000000e+04
1.340700000000000000e+04
1.093900000000000000e+04
1.092400000000000000e+04
1.192200000000000000e+04
8.632000000000000000e+03
7.968000000000000000e+03
1.309500000000000000e+04
1.201200000000000000e+04
1.291000000000000000e+04
1.347600000000000000e+04
1.121800000000000000e+04
1.076800000000000000e+04
9.835000000000000000e+03
1.157100000000000000e+04
1.523100000000000000e+04
1.374300000000000000e+04
1.464300000000000000e+04
1.196700000000000000e+04
1.364300000000000000e+04
1.233000000000000000e+04
8.997000000000000000e+03
1.214900000000000000e+04
1.079100000000000000e+04
1.171200000000000000e+04
1.232500000000000000e+04
1.163000000000000000e+04
1.825200000000000000e+04
9.100000000000000000e+03
1.621000000000000000e+04
1.286900000000000000e+04
1.466800000000000000e+04
1.362800000000000000e+04
1.278300000000000000e+04
1.209100000000000000e+04
1.161000000000000000e+04
8.713000000000000000e+03
1.288400000000000000e+04
1.136300000000000000e+04
1.291300000000000000e+04
1.285900000000000000e+04
1.361000000000000000e+04
1.519700000000000000e+04
1.274700000000000000e+04
1.364100000000000000e+04
1.028800000000000000e+04
1.843100000000000000e+04
1.432900000000000000e+04
1.176200000000000000e+04
1.332700000000000000e+04
1.146900000000000000e+04
1.197700000000000000e+04
9.645000000000000000e+03
1.014700000000000000e+04
1.021500000000000000e+04
1.199300000000000000e+04
1.146000000000000000e+04
9.596000000000000000e+03
1.222300000000000000e+04
1.480700000000000000e+04
1.228700000000000000e+04
1.299800000000000000e+04
1.308300000000000000e+04
1.074100000000000000e+04
1.435500000000000000e+04
1.099900000000000000e+04
1.285300000000000000e+04
1.495800000000000000e+04
1.140700000000000000e+04
1.372100000000000000e+04
1.558600000000000000e+04
1.105200000000000000e+04
1.061200000000000000e+04
1.288100000000000000e+04
9.871000000000000000e+03
1.324800000000000000e+04
8.421000000000000000e+03
7.556000000000000000e+03
7.513000000000000000e+03
1.054000000000000000e+04
1.103000000000000000e+04
1.445200000000000000e+04
1.425500000000000000e+04
1.251800000000000000e+04
1.171200000000000000e+04
1.507300000000000000e+04
1.373100000000000000e+04
1.247800000000000000e+04
1.551300000000000000e+04
1.549400000000000000e+04
1.371100000000000000e+04
1.272700000000000000e+04
7.992000000000000000e+03
1.562100000000000000e+04
1.157900000000000000e+04
1.165400000000000000e+04
1.016600000000000000e+04
1.052300000000000000e+04
1.167600000000000000e+04
1.149200000000000000e+04
1.080900000000000000e+04
8.298000000000000000e+03
9.475000000000000000e+03
1.718000000000000000e+04
1.284400000000000000e+04
1.109900000000000000e+04
1.333100000000000000e+04
1.421200000000000000e+04
1.171700000000000000e+04
1.198300000000000000e+04
1.388100000000000000e+04
1.185200000000000000e+04
1.004400000000000000e+04
8.975000000000000000e+03
1.107500000000000000e+04
1.157100000000000000e+04
1.312900000000000000e+04
9.623000000000000000e+03
1.397800000000000000e+04
9.787000000000000000e+03
1.331900000000000000e+04
1.527400000000000000e+04
1.181200000000000000e+04
1.365400000000000000e+04
1.340300000000000000e+04
1.291000000000000000e+04
1.138100000000000000e+04
1.149900000000000000e+04
1.201700000000000000e+04
7.586000000000000000e+03
1.523600000000000000e+04
1.116500000000000000e+04
1.155900000000000000e+04
9.738000000000000000e+03
1.155200000000000000e+04
1.245400000000000000e+04
1.342900000000000000e+04
1.073900000000000000e+04
9.377000000000000000e+03
1.356900000000000000e+04
1.151500000000000000e+04
1.069700000000000000e+04
1.687300000000000000e+04
1.400100000000000000e+04
1.350600000000000000e+04
1.111500000000000000e+04
1.632000000000000000e+04
1.459000000000000000e+04
1.357700000000000000e+04
1.075100000000000000e+04
1.218400000000000000e+04
1.146500000000000000e+04
1.004300000000000000e+04
1.350200000000000000e+04
1.499300000000000000e+04
1.288100000000000000e+04
8.696000000000000000e+03
1.314900000000000000e+04
1.127100000000000000e+04
8.174000000000000000e+03
1.215600000000000000e+04
1.873000000000000000e+04
1.433700000000000000e+04
1.135000000000000000e+04
1.242700000000000000e+04
1.052900000000000000e+04
1.303800000000000000e+04
1.408600000000000000e+04
1.464800000000000000e+04
1.076400000000000000e+04
1.241200000000000000e+04
8.493000000000000000e+03
8.555000000000000000e+03
1.332800000000000000e+04
1.281000000000000000e+04
1.283600000000000000e+04
1.142400000000000000e+04
9.886000000000000000e+03
1.771100000000000000e+04
1.284500000000000000e+04
1.325200000000000000e+04
1.208800000000000000e+04
1.270700000000000000e+04
1.017900000000000000e+04
1.265100000000000000e+04
1.129500000000000000e+04
1.040700000000000000e+04
1.052300000000000000e+04
1.417200000000000000e+04
1.426700000000000000e+04
1.425200000000000000e+04
9.779000000000000000e+03
1.569500000000000000e+04
1.388800000000000000e+04
1.329200000000000000e+04
1.204100000000000000e+04
1.433200000000000000e+04
1.792700000000000000e+04
8.216000000000000000e+03
1.526200000000000000e+04
1.435800000000000000e+04
1.808400000000000000e+04
1.703800000000000000e+04
9.789000000000000000e+03
1.548200000000000000e+04
1.243400000000000000e+04
1.025600000000000000e+04
1.277100000000000000e+04
1.102900000000000000e+04
1.144000000000000000e+04
1.321500000000000000e+04
1.234600000000000000e+04
1.105400000000000000e+04
1.369900000000000000e+04
9.901000000000000000e+03
1.390900000000000000e+04
1.093700000000000000e+04
1.613400000000000000e+04
1.085100000000000000e+04
1.611800000000000000e+04
1.233800000000000000e+04
1.063000000000000000e+04
1.090000000000000000e+04
1.271000000000000000e+04
1.362900000000000000e+04
1.555800000000000000e+04
1.242700000000000000e+04
1.583100000000000000e+04
9.959000000000000000e+03
1.139900000000000000e+04
1.265700000000000000e+04
1.047400000000000000e+04
1.281300000000000000e+04
1.667500000000000000e+04
1.065700000000000000e+04
1.043400000000000000e+04
1.309200000000000000e+04
1.325900000000000000e+04
1.293400000000000000e+04
1.173800000000000000e+04
1.183700000000000000e+04
1.375600000000000000e+04
1.216300000000000000e+04
9.810000000000000000e+03
1.153100000000000000e+04
8.287000000000000000e+03
1.682600000000000000e+04
1.285500000000000000e+04
1.210300000000000000e+04
1.173400000000000000e+04
1.464200000000000000e+04
9.758000000000000000e+03
1.006900000000000000e+04
1.061400000000000000e+04
1.548500000000000000e+04
1.279300000000000000e+04
1.547500000000000000e+04
1.127300000000000000e+04
9.650000000000000000e+03
1.434700000000000000e+04
1.743200000000000000e+04
1.105300000000000000e+04
9.791000000000000000e+03
7.344000000000000000e+03
1.208400000000000000e+04
1.482700000000000000e+04
1.425700000000000000e+04
1.217300000000000000e+04
9.824000000000000000e+03
1.202100000000000000e+04
1.208400000000000000e+04
1.160700000000000000e+04
1.507300000000000000e+04
1.248000000000000000e+04
1.406700000000000000e+04
1.088700000000000000e+04
1.585200000000000000e+04
1.422900000000000000e+04
1.061900000000000000e+04
1.120300000000000000e+04
1.458800000000000000e+04
1.146000000000000000e+04
1.552700000000000000e+04
1.551300000000000000e+04
1.084900000000000000e+04
1.032900000000000000e+04
1.227600000000000000e+04
1.089400000000000000e+04
1.556400000000000000e+04
1.190600000000000000e+04
1.338600000000000000e+04
9.796000000000000000e+03
1.018000000000000000e+04
1.577700000000000000e+04
1.316900000000000000e+04
1.383200000000000000e+04
1.413700000000000000e+04
1.218900000000000000e+04
1.240600000000000000e+04
1.008500000000000000e+04
1.361300000000000000e+04
1.257000000000000000e+04
1.072600000000000000e+04
1.154400000000000000e+04
1.496000000000000000e+04
1.331500000000000000e+04
1.063900000000000000e+04
1.181800000000000000e+04
1.609400000000000000e+04
1.153500000000000000e+04
1.396600000000000000e+04
6.978000000000000000e+03
1.281500000000000000e+04
1.330700000000000000e+04
1.454500000000000000e+04
1.405200000000000000e+04
1.320100000000000000e+04
1.237100000000000000e+04
1.191900000000000000e+04
1.140900000000000000e+04
1.627600000000000000e+04
1.257600000000000000e+04
1.128600000000000000e+04
1.519200000000000000e+04
1.240200000000000000e+04
9.341000000000000000e+03
1.423900000000000000e+04
1.027900000000000000e+04
1.444000000000000000e+04
1.565200000000000000e+04
8.943000000000000000e+03
1.155600000000000000e+04
1.593600000000000000e+04
1.233300000000000000e+04
8.879000000000000000e+03
1.267700000000000000e+04
1.083900000000000000e+04
1.499400000000000000e+04
1.868300000000000000e+04
1.638700000000000000e+04
1.041100000000000000e+04
1.297900000000000000e+04
1.342400000000000000e+04
1.269900000000000000e+04
1.313500000000000000e+04
1.234400000000000000e+04
1.251800000000000000e+04
1.324400000000000000e+04
1.069300000000000000e+04
1.063900000000000000e+04
1.683300000000000000e+04
1.421800000000000000e+04
1.152000000000000000e+04
1.479900000000000000e+04
1.354000000000000000e+04
1.426300000000000000e+04
1.087400000000000000e+04
1.690800000000000000e+04
9.948000000000000000e+03
1.344400000000000000e+04
1.598000000000000000e+04
1.614100000000000000e+04
1.191200000000000000e+04
1.320100000000000000e+04
1.318500000000000000e+04
1.161400000000000000e+04
1.273400000000000000e+04
1.097400000000000000e+04
1.052700000000000000e+04
1.282900000000000000e+04
9.187000000000000000e+03
1.336100000000000000e+04
8.920000000000000000e+03
1.168600000000000000e+04
1.905700000000000000e+04
1.379200000000000000e+04
1.228800000000000000e+04
1.269500000000000000e+04
1.265000000000000000e+04
1.210600000000000000e+04
1.052200000000000000e+04
1.127200000000000000e+04
1.109600000000000000e+04
1.264800000000000000e+04
1.271900000000000000e+04
1.551300000000000000e+04
1.692900000000000000e+04
1.053100000000000000e+04
1.033600000000000000e+04
1.250000000000000000e+04
1.764700000000000000e+04
1.450500000000000000e+04
1.073400000000000000e+04
1.167900000000000000e+04
1.076300000000000000e+04
1.162200000000000000e+04
1.233500000000000000e+04
1.248900000000000000e+04
1.570000000000000000e+04
1.443300000000000000e+04
1.068100000000000000e+04
1.302300000000000000e+04
1.296500000000000000e+04
1.487900000000000000e+04
1.108500000000000000e+04
1.833100000000000000e+04
1.419500000000000000e+04
1.632300000000000000e+04
1.083800000000000000e+04
1.054800000000000000e+04
1.278000000000000000e+04
1.608200000000000000e+04
1.340100000000000000e+04
1.058700000000000000e+04
1.042900000000000000e+04
2.023700000000000000e+04
1.156200000000000000e+04
1.213700000000000000e+04
1.309000000000000000e+04
1.574800000000000000e+04
8.948000000000000000e+03
1.624900000000000000e+04
1.268700000000000000e+04
1.313400000000000000e+04
1.394300000000000000e+04
1.141300000000000000e+04
1.173900000000000000e+04
1.424300000000000000e+04
1.392000000000000000e+04
1.212100000000000000e+04
1.264100000000000000e+04
1.308800000000000000e+04
1.347900000000000000e+04
1.046700000000000000e+04
8.849000000000000000e+03
1.008700000000000000e+04
1.534900000000000000e+04
1.069200000000000000e+04
1.376000000000000000e+04
1.579500000000000000e+04
1.526300000000000000e+04
1.699700000000000000e+04
