3.113000000000000000e+03
4.624000000000000000e+03
4.459000000000000000e+03
3.900000000000000000e+03
4.331000000000000000e+03
4.509000000000000000e+03
5.037000000000000000e+03
4.082000000000000000e+03
4.194000000000000000e+03
4.741000000000000000e+03
4.228000000000000000e+03
5.619000000000000000e+03
5.530000000000000000e+03
3.343000000000000000e+03
4.530000000000000000e+03
4.850000000000000000e+03
4.007000000000000000e+03
5.844000000000000000e+03
6.171000000000000000e+03
6.115000000000000000e+03
4.837000000000000000e+03
6.100000000000000000e+03
4.920000000000000000e+03
6.979000000000000000e+03
6.449000000000000000e+03
5.123000000000000000e+03
4.757000000000000000e+03
5.420000000000000000e+03
6.870000000000000000e+03
6.723000000000000000e+03
5.238000000000000000e+03
5.627000000000000000e+03
4.511000000000000000e+03
3.145000000000000000e+03
5.054000000000000000e+03
8.396000000000000000e+03
5.562000000000000000e+03
5.569000000000000000e+03
3.932000000000000000e+03
9.122000000000000000e+03
2.962000000000000000e+03
4.289000000000000000e+03
6.456000000000000000e+03
4.705000000000000000e+03
3.645000000000000000e+03
4.130000000000000000e+03
4.757000000000000000e+03
4.063000000000000000e+03
4.632000000000000000e+03
5.255000000000000000e+03
4.113000000000000000e+03
4.602000000000000000e+03
4.232000000000000000e+03
4.145000000000000000e+03
4.211000000000000000e+03
4.294000000000000000e+03
5.279000000000000000e+03
5.162000000000000000e+03
5.760000000000000000e+03
3.201000000000000000e+03
6.241000000000000000e+03
3.098000000000000000e+03
5.513000000000000000e+03
4.566000000000000000e+03
5.287000000000000000e+03
5.750000000000000000e+03
7.070000000000000000e+03
5.120000000000000000e+03
4.353000000000000000e+03
4.932000000000000000e+03
5.257000000000000000e+03
3.843000000000000000e+03
5.115000000000000000e+03
4.970000000000000000e+03
5.202000000000000000e+03
7.832000000000000000e+03
6.799000000000000000e+03
4.239000000000000000e+03
5.906000000000000000e+03
5.362000000000000000e+03
4.794000000000000000e+03
5.233000000000000000e+03
4.090000000000000000e+03
5.325000000000000000e+03
4.998000000000000000e+03
4.768000000000000000e+03
5.001000000000000000e+03
3.803000000000000000e+03
3.392000000000000000e+03
4.384000000000000000e+03
5.398000000000000000e+03
5.460000000000000000e+03
7.805000000000000000e+03
5.933000000000000000e+03
4.615000000000000000e+03
4.339000000000000000e+03
7.185000000000000000e+03
3.752000000000000000e+03
5.848000000000000000e+03
4.842000000000000000e+03
4.894000000000000000e+03
5.149000000000000000e+03
4.734000000000000000e+03
5.904000000000000000e+03
6.926000000000000000e+03
5.973000000000000000e+03
4.818000000000000000e+03
4.665000000000000000e+03
5.216000000000000000e+03
5.583000000000000000e+03
5.994000000000000000e+03
3.979000000000000000e+03
5.206000000000000000e+03
5.761000000000000000e+03
5.909000000000000000e+03
3.829000000000000000e+03
6.239000000000000000e+03
5.392000000000000000e+03
5.743000000000000000e+03
3.683000000000000000e+03
5.646000000000000000e+03
3.253000000000000000e+03
5.109000000000000000e+03
5.698000000000000000e+03
7.613000000000000000e+03
5.771000000000000000e+03
5.571000000000000000e+03
5.129000000000000000e+03
5.908000000000000000e+03
4.026000000000000000e+03
5.489000000000000000e+03
5.254000000000000000e+03
3.443000000000000000e+03
5.801000000000000000e+03
6.981000000000000000e+03
2.950000000000000000e+03
6.504000000000000000e+03
4.617000000000000000e+03
4.737000000000000000e+03
6.561000000000000000e+03
5.029000000000000000e+03
6.351000000000000000e+03
4.337000000000000000e+03
5.809000000000000000e+03
4.007000000000000000e+03
6.372000000000000000e+03
6.064000000000000000e+03
6.798000000000000000e+03
3.949000000000000000e+03
4.488000000000000000e+03
6.523000000000000000e+03
4.527000000000000000e+03
5.654000000000000000e+03
3.949000000000000000e+03
3.754000000000000000e+03
7.044000000000000000e+03
4.769000000000000000e+03
3.760000000000000000e+03
6.305000000000000000e+03
6.281000000000000000e+03
6.005000000000000000e+03
4.632000000000000000e+03
5.069000000000000000e+03
5.016000000000000000e+03
5.144000000000000000e+03
5.853000000000000000e+03
4.251000000000000000e+03
5.118000000000000000e+03
3.204000000000000000e+03
3.937000000000000000e+03
6.618000000000000000e+03
5.342000000000000000e+03
3.281000000000000000e+03
3.581000000000000000e+03
5.493000000000000000e+03
7.445000000000000000e+03
3.781000000000000000e+03
5.284000000000000000e+03
5.127000000000000000e+03
5.483000000000000000e+03
6.282000000000000000e+03
3.797000000000000000e+03
6.913000000000000000e+03
5.749000000000000000e+03
6.064000000000000000e+03
3.610000000000000000e+03
4.828000000000000000e+03
4.299000000000000000e+03
5.849000000000000000e+03
5.464000000000000000e+03
4.016000000000000000e+03
4.707000000000000000e+03
6.341000000000000000e+03
6.102000000000000000e+03
5.066000000000000000e+03
3.112000000000000000e+03
6.388000000000000000e+03
4.343000000000000000e+03
5.868000000000000000e+03
4.127000000000000000e+03
5.052000000000000000e+03
4.880000000000000000e+03
5.136000000000000000e+03
6.635000000000000000e+03
4.307000000000000000e+03
4.772000000000000000e+03
7.237000000000000000e+03
7.607000000000000000e+03
5.671000000000000000e+03
7.405000000000000000e+03
5.398000000000000000e+03
5.555000000000000000e+03
5.213000000000000000e+03
5.460000000000000000e+03
5.211000000000000000e+03
4.330000000000000000e+03
7.189000000000000000e+03
4.004000000000000000e+03
6.132000000000000000e+03
5.713000000000000000e+03
5.764000000000000000e+03
7.584000000000000000e+03
5.707000000000000000e+03
3.537000000000000000e+03
3.961000000000000000e+03
5.643000000000000000e+03
5.325000000000000000e+03
4.015000000000000000e+03
5.946000000000000000e+03
4.958000000000000000e+03
4.335000000000000000e+03
5.504000000000000000e+03
6.575000000000000000e+03
1.059800000000000000e+04
4.982000000000000000e+03
7.412000000000000000e+03
5.113000000000000000e+03
6.445000000000000000e+03
7.517000000000000000e+03
6.962000000000000000e+03
5.203000000000000000e+03
4.358000000000000000e+03
7.802000000000000000e+03
7.000000000000000000e+03
6.127000000000000000e+03
6.980000000000000000e+03
4.183000000000000000e+03
6.510000000000000000e+03
3.596000000000000000e+03
4.343000000000000000e+03
6.065000000000000000e+03
6.207000000000000000e+03
4.047000000000000000e+03
5.077000000000000000e+03
6.271000000000000000e+03
6.984000000000000000e+03
4.683000000000000000e+03
4.724000000000000000e+03
6.628000000000000000e+03
4.629000000000000000e+03
5.090000000000000000e+03
5.917000000000000000e+03
6.177000000000000000e+03
6.384000000000000000e+03
6.457000000000000000e+03
7.597000000000000000e+03
5.324000000000000000e+03
4.368000000000000000e+03
2.728000000000000000e+03
4.110000000000000000e+03
4.350000000000000000e+03
6.001000000000000000e+03
4.827000000000000000e+03
7.052000000000000000e+03
3.540000000000000000e+03
4.645000000000000000e+03
5.307000000000000000e+03
5.450000000000000000e+03
5.601000000000000000e+03
5.977000000000000000e+03
4.547000000000000000e+03
4.414000000000000000e+03
4.753000000000000000e+03
4.200000000000000000e+03
6.096000000000000000e+03
6.455000000000000000e+03
4.678000000000000000e+03
6.584000000000000000e+03
4.295000000000000000e+03
5.948000000000000000e+03
3.625000000000000000e+03
6.141000000000000000e+03
5.896000000000000000e+03
3.793000000000000000e+03
2.873000000000000000e+03
4.759000000000000000e+03
6.610000000000000000e+03
6.175000000000000000e+03
4.768000000000000000e+03
3.621000000000000000e+03
5.863000000000000000e+03
4.833000000000000000e+03
5.161000000000000000e+03
3.611000000000000000e+03
7.333000000000000000e+03
5.263000000000000000e+03
5.256000000000000000e+03
3.669000000000000000e+03
5.495000000000000000e+03
5.384000000000000000e+03
4.531000000000000000e+03
6.392000000000000000e+03
6.979000000000000000e+03
4.534000000000000000e+03
7.783000000000000000e+03
5.933000000000000000e+03
4.610000000000000000e+03
9.354000000000000000e+03
3.613000000000000000e+03
5.642000000000000000e+03
7.941000000000000000e+03
4.889000000000000000e+03
6.850000000000000000e+03
5.514000000000000000e+03
5.356000000000000000e+03
5.977000000000000000e+03
6.730000000000000000e+03
3.824000000000000000e+03
6.013000000000000000e+03
6.735000000000000000e+03
5.743000000000000000e+03
6.110000000000000000e+03
4.553000000000000000e+03
4.207000000000000000e+03
5.236000000000000000e+03
4.225000000000000000e+03
5.443000000000000000e+03
4.354000000000000000e+03
5.056000000000000000e+03
6.579000000000000000e+03
5.049000000000000000e+03
9.697000000000000000e+03
5.704000000000000000e+03
3.871000000000000000e+03
5.846000000000000000e+03
5.802000000000000000e+03
5.969000000000000000e+03
5.270000000000000000e+03
4.064000000000000000e+03
4.906000000000000000e+03
4.567000000000000000e+03
5.985000000000000000e+03
5.456000000000000000e+03
5.368000000000000000e+03
6.902000000000000000e+03
6.717000000000000000e+03
6.389000000000000000e+03
5.671000000000000000e+03
4.648000000000000000e+03
4.287000000000000000e+03
6.045000000000000000e+03
4.252000000000000000e+03
5.141000000000000000e+03
4.929000000000000000e+03
5.173000000000000000e+03
4.266000000000000000e+03
6.424000000000000000e+03
5.455000000000000000e+03
7.713000000000000000e+03
6.499000000000000000e+03
7.491000000000000000e+03
5.569000000000000000e+03
6.996000000000000000e+03
6.046000000000000000e+03
4.509000000000000000e+03
6.148000000000000000e+03
5.535000000000000000e+03
5.893000000000000000e+03
4.764000000000000000e+03
7.403000000000000000e+03
3.775000000000000000e+03
5.089000000000000000e+03
5.699000000000000000e+03
4.130000000000000000e+03
5.504000000000000000e+03
6.589000000000000000e+03
6.703000000000000000e+03
4.021000000000000000e+03
4.289000000000000000e+03
7.048000000000000000e+03
8.173000000000000000e+03
6.192000000000000000e+03
6.594000000000000000e+03
4.677000000000000000e+03
4.449000000000000000e+03
4.352000000000000000e+03
3.279000000000000000e+03
5.090000000000000000e+03
4.255000000000000000e+03
4.903000000000000000e+03
6.353000000000000000e+03
5.647000000000000000e+03
3.272000000000000000e+03
6.062000000000000000e+03
4.094000000000000000e+03
5.947000000000000000e+03
4.431000000000000000e+03
5.522000000000000000e+03
5.030000000000000000e+03
5.250000000000000000e+03
7.470000000000000000e+03
4.416000000000000000e+03
5.720000000000000000e+03
5.668000000000000000e+03
5.189000000000000000e+03
4.539000000000000000e+03
5.883000000000000000e+03
6.175000000000000000e+03
4.102000000000000000e+03
4.807000000000000000e+03
5.758000000000000000e+03
5.788000000000000000e+03
4.787000000000000000e+03
6.001000000000000000e+03
3.479000000000000000e+03
4.528000000000000000e+03
4.926000000000000000e+03
6.643000000000000000e+03
4.108000000000000000e+03
5.212000000000000000e+03
5.762000000000000000e+03
5.560000000000000000e+03
5.091000000000000000e+03
5.141000000000000000e+03
4.366000000000000000e+03
6.160000000000000000e+03
3.334000000000000000e+03
5.256000000000000000e+03
5.703000000000000000e+03
5.697000000000000000e+03
4.199000000000000000e+03
8.230000000000000000e+03
6.421000000000000000e+03
3.720000000000000000e+03
6.218000000000000000e+03
4.982000000000000000e+03
5.169000000000000000e+03
4.089000000000000000e+03
6.501000000000000000e+03
4.982000000000000000e+03
4.475000000000000000e+03
5.423000000000000000e+03
3.585000000000000000e+03
5.100000000000000000e+03
5.185000000000000000e+03
3.652000000000000000e+03
4.599000000000000000e+03
5.639000000000000000e+03
5.088000000000000000e+03
6.124000000000000000e+03
4.160000000000000000e+03
6.520000000000000000e+03
5.608000000000000000e+03
3.632000000000000000e+03
4.647000000000000000e+03
7.632000000000000000e+03
4.540000000000000000e+03
5.869000000000000000e+03
5.040000000000000000e+03
4.342000000000000000e+03
4.898000000000000000e+03
3.980000000000000000e+03
4.860000000000000000e+03
2.770000000000000000e+03
4.462000000000000000e+03
4.282000000000000000e+03
4.530000000000000000e+03
4.723000000000000000e+03
6.929000000000000000e+03
4.134000000000000000e+03
4.384000000000000000e+03
5.643000000000000000e+03
5.598000000000000000e+03
5.267000000000000000e+03
5.290000000000000000e+03
4.944000000000000000e+03
3.966000000000000000e+03
5.681000000000000000e+03
5.817000000000000000e+03
4.333000000000000000e+03
7.130000000000000000e+03
6.475000000000000000e+03
6.141000000000000000e+03
6.252000000000000000e+03
4.003000000000000000e+03
5.206000000000000000e+03
5.735000000000000000e+03
6.473000000000000000e+03
3.287000000000000000e+03
5.891000000000000000e+03
5.425000000000000000e+03
4.158000000000000000e+03
4.491000000000000000e+03
5.814000000000000000e+03
4.958000000000000000e+03
4.407000000000000000e+03
5.511000000000000000e+03
5.897000000000000000e+03
3.542000000000000000e+03
5.289000000000000000e+03
5.292000000000000000e+03
4.235000000000000000e+03
3.742000000000000000e+03
5.905000000000000000e+03
4.972000000000000000e+03
4.788000000000000000e+03
5.357000000000000000e+03
5.629000000000000000e+03
6.345000000000000000e+03
2.724000000000000000e+03
8.227000000000000000e+03
5.718000000000000000e+03
6.110000000000000000e+03
4.783000000000000000e+03
6.019000000000000000e+03
3.810000000000000000e+03
4.536000000000000000e+03
4.714000000000000000e+03
6.186000000000000000e+03
5.928000000000000000e+03
5.794000000000000000e+03
5.792000000000000000e+03
5.860000000000000000e+03
7.847000000000000000e+03
5.504000000000000000e+03
5.305000000000000000e+03
4.902000000000000000e+03
7.480000000000000000e+03
5.384000000000000000e+03
5.848000000000000000e+03
5.793000000000000000e+03
2.701000000000000000e+03
4.589000000000000000e+03
6.317000000000000000e+03
5.134000000000000000e+03
5.826000000000000000e+03
6.549000000000000000e+03
4.387000000000000000e+03
4.443000000000000000e+03
3.647000000000000000e+03
5.505000000000000000e+03
6.052000000000000000e+03
8.135000000000000000e+03
5.424000000000000000e+03
4.284000000000000000e+03
4.723000000000000000e+03
4.766000000000000000e+03
4.007000000000000000e+03
6.000000000000000000e+03
7.002000000000000000e+03
5.201000000000000000e+03
5.889000000000000000e+03
5.736000000000000000e+03
7.065000000000000000e+03
4.770000000000000000e+03
3.748000000000000000e+03
5.957000000000000000e+03
5.808000000000000000e+03
5.903000000000000000e+03
4.824000000000000000e+03
6.769000000000000000e+03
3.584000000000000000e+03
5.915000000000000000e+03
5.510000000000000000e+03
5.755000000000000000e+03
4.817000000000000000e+03
5.706000000000000000e+03
4.742000000000000000e+03
4.909000000000000000e+03
3.685000000000000000e+03
4.892000000000000000e+03
5.960000000000000000e+03
5.598000000000000000e+03
3.964000000000000000e+03
4.924000000000000000e+03
3.075000000000000000e+03
6.205000000000000000e+03
6.997000000000000000e+03
5.242000000000000000e+03
4.640000000000000000e+03
3.264000000000000000e+03
4.696000000000000000e+03
7.632000000000000000e+03
7.346000000000000000e+03
4.760000000000000000e+03
5.121000000000000000e+03
4.837000000000000000e+03
4.309000000000000000e+03
4.911000000000000000e+03
4.076000000000000000e+03
5.934000000000000000e+03
4.731000000000000000e+03
7.218000000000000000e+03
3.830000000000000000e+03
6.530000000000000000e+03
4.053000000000000000e+03
5.802000000000000000e+03
4.702000000000000000e+03
4.835000000000000000e+03
3.821000000000000000e+03
5.665000000000000000e+03
7.855000000000000000e+03
6.507000000000000000e+03
7.638000000000000000e+03
5.213000000000000000e+03
4.550000000000000000e+03
4.842000000000000000e+03
5.880000000000000000e+03
5.482000000000000000e+03
7.389000000000000000e+03
7.758000000000000000e+03
5.923000000000000000e+03
7.980000000000000000e+03
5.314000000000000000e+03
5.289000000000000000e+03
4.737000000000000000e+03
5.125000000000000000e+03
3.947000000000000000e+03
3.110000000000000000e+03
7.161000000000000000e+03
4.119000000000000000e+03
3.171000000000000000e+03
3.535000000000000000e+03
6.430000000000000000e+03
5.412000000000000000e+03
5.825000000000000000e+03
4.405000000000000000e+03
5.816000000000000000e+03
6.945000000000000000e+03
5.632000000000000000e+03
4.943000000000000000e+03
6.591000000000000000e+03
5.629000000000000000e+03
4.668000000000000000e+03
4.323000000000000000e+03
5.138000000000000000e+03
3.579000000000000000e+03
5.723000000000000000e+03
8.471000000000000000e+03
6.445000000000000000e+03
7.589000000000000000e+03
5.966000000000000000e+03
3.468000000000000000e+03
3.838000000000000000e+03
6.014000000000000000e+03
2.754000000000000000e+03
3.555000000000000000e+03
5.831000000000000000e+03
6.422000000000000000e+03
3.716000000000000000e+03
6.047000000000000000e+03
4.804000000000000000e+03
4.638000000000000000e+03
3.939000000000000000e+03
5.183000000000000000e+03
4.860000000000000000e+03
5.660000000000000000e+03
4.290000000000000000e+03
5.481000000000000000e+03
3.922000000000000000e+03
3.883000000000000000e+03
4.251000000000000000e+03
6.844000000000000000e+03
3.982000000000000000e+03
5.049000000000000000e+03
6.423000000000000000e+03
3.774000000000000000e+03
5.672000000000000000e+03
3.916000000000000000e+03
4.616000000000000000e+03
4.306000000000000000e+03
3.621000000000000000e+03
5.901000000000000000e+03
5.835000000000000000e+03
4.791000000000000000e+03
4.490000000000000000e+03
7.049000000000000000e+03
7.240000000000000000e+03
5.819000000000000000e+03
5.662000000000000000e+03
4.751000000000000000e+03
4.477000000000000000e+03
3.355000000000000000e+03
4.132000000000000000e+03
6.154000000000000000e+03
5.591000000000000000e+03
5.378000000000000000e+03
5.632000000000000000e+03
6.128000000000000000e+03
7.117000000000000000e+03
6.650000000000000000e+03
6.359000000000000000e+03
3.869000000000000000e+03
5.550000000000000000e+03
3.948000000000000000e+03
3.703000000000000000e+03
4.515000000000000000e+03
6.185000000000000000e+03
7.082000000000000000e+03
6.057000000000000000e+03
5.451000000000000000e+03
5.724000000000000000e+03
3.909000000000000000e+03
5.728000000000000000e+03
4.577000000000000000e+03
5.423000000000000000e+03
4.646000000000000000e+03
4.315000000000000000e+03
4.586000000000000000e+03
3.775000000000000000e+03
6.590000000000000000e+03
6.646000000000000000e+03
5.074000000000000000e+03
5.670000000000000000e+03
5.832000000000000000e+03
5.416000000000000000e+03
5.094000000000000000e+03
6.807000000000000000e+03
3.849000000000000000e+03
5.140000000000000000e+03
8.569000000000000000e+03
4.309000000000000000e+03
6.200000000000000000e+03
5.345000000000000000e+03
5.885000000000000000e+03
5.856000000000000000e+03
4.302000000000000000e+03
4.956000000000000000e+03
5.235000000000000000e+03
3.022000000000000000e+03
4.390000000000000000e+03
4.185000000000000000e+03
3.916000000000000000e+03
3.643000000000000000e+03
6.806000000000000000e+03
5.020000000000000000e+03
5.032000000000000000e+03
4.137000000000000000e+03
5.977000000000000000e+03
3.394000000000000000e+03
4.648000000000000000e+03
6.427000000000000000e+03
6.784000000000000000e+03
7.952000000000000000e+03
6.330000000000000000e+03
3.909000000000000000e+03
5.844000000000000000e+03
5.388000000000000000e+03
6.373000000000000000e+03
6.779000000000000000e+03
4.234000000000000000e+03
8.363000000000000000e+03
3.981000000000000000e+03
4.445000000000000000e+03
5.677000000000000000e+03
6.431000000000000000e+03
5.721000000000000000e+03
5.898000000000000000e+03
4.695000000000000000e+03
4.520000000000000000e+03
5.407000000000000000e+03
5.973000000000000000e+03
3.281000000000000000e+03
6.837000000000000000e+03
5.555000000000000000e+03
5.295000000000000000e+03
4.294000000000000000e+03
4.945000000000000000e+03
6.803000000000000000e+03
3.752000000000000000e+03
2.772000000000000000e+03
5.265000000000000000e+03
5.992000000000000000e+03
6.036000000000000000e+03
6.253000000000000000e+03
6.777000000000000000e+03
5.065000000000000000e+03
4.062000000000000000e+03
6.001000000000000000e+03
2.731000000000000000e+03
5.550000000000000000e+03
4.844000000000000000e+03
4.294000000000000000e+03
5.493000000000000000e+03
5.747000000000000000e+03
6.013000000000000000e+03
3.497000000000000000e+03
5.187000000000000000e+03
6.780000000000000000e+03
7.045000000000000000e+03
7.103000000000000000e+03
6.715000000000000000e+03
5.194000000000000000e+03
5.878000000000000000e+03
4.511000000000000000e+03
5.229000000000000000e+03
6.306000000000000000e+03
6.339000000000000000e+03
4.394000000000000000e+03
3.515000000000000000e+03
4.250000000000000000e+03
4.591000000000000000e+03
7.123000000000000000e+03
5.670000000000000000e+03
5.412000000000000000e+03
5.604000000000000000e+03
6.548000000000000000e+03
6.469000000000000000e+03
4.986000000000000000e+03
4.377000000000000000e+03
4.813000000000000000e+03
4.052000000000000000e+03
5.969000000000000000e+03
2.911000000000000000e+03
7.964000000000000000e+03
4.485000000000000000e+03
4.085000000000000000e+03
5.285000000000000000e+03
6.482000000000000000e+03
5.806000000000000000e+03
7.090000000000000000e+03
3.166000000000000000e+03
5.525000000000000000e+03
5.033000000000000000e+03
6.982000000000000000e+03
6.358000000000000000e+03
3.611000000000000000e+03
4.887000000000000000e+03
3.448000000000000000e+03
4.269000000000000000e+03
4.284000000000000000e+03
5.905000000000000000e+03
4.754000000000000000e+03
4.976000000000000000e+03
4.653000000000000000e+03
3.647000000000000000e+03
5.563000000000000000e+03
5.925000000000000000e+03
4.160000000000000000e+03
5.107000000000000000e+03
4.471000000000000000e+03
5.457000000000000000e+03
4.619000000000000000e+03
5.296000000000000000e+03
5.398000000000000000e+03
3.887000000000000000e+03
5.085000000000000000e+03
7.055000000000000000e+03
5.242000000000000000e+03
6.482000000000000000e+03
4.531000000000000000e+03
8.039000000000000000e+03
3.684000000000000000e+03
5.558000000000000000e+03
4.594000000000000000e+03
6.058000000000000000e+03
4.670000000000000000e+03
7.403000000000000000e+03
6.067000000000000000e+03
3.134000000000000000e+03
5.961000000000000000e+03
5.170000000000000000e+03
5.147000000000000000e+03
6.345000000000000000e+03
4.253000000000000000e+03
5.922000000000000000e+03
4.085000000000000000e+03
8.434000000000000000e+03
5.046000000000000000e+03
8.275000000000000000e+03
4.355000000000000000e+03
4.412000000000000000e+03
5.384000000000000000e+03
8.046000000000000000e+03
6.321000000000000000e+03
5.832000000000000000e+03
6.056000000000000000e+03
3.418000000000000000e+03
4.985000000000000000e+03
6.250000000000000000e+03
6.934000000000000000e+03
4.643000000000000000e+03
4.791000000000000000e+03
5.956000000000000000e+03
6.613000000000000000e+03
2.937000000000000000e+03
3.794000000000000000e+03
8.322000000000000000e+03
5.213000000000000000e+03
5.238000000000000000e+03
6.030000000000000000e+03
5.848000000000000000e+03
6.735000000000000000e+03
6.188000000000000000e+03
4.589000000000000000e+03
6.545000000000000000e+03
5.685000000000000000e+03
4.897000000000000000e+03
5.962000000000000000e+03
5.537000000000000000e+03
4.845000000000000000e+03
7.688000000000000000e+03
7.176000000000000000e+03
6.456000000000000000e+03
4.959000000000000000e+03
6.302000000000000000e+03
6.242000000000000000e+03
3.954000000000000000e+03
5.671000000000000000e+03
7.598000000000000000e+03
3.554000000000000000e+03
4.924000000000000000e+03
6.813000000000000000e+03
2.894000000000000000e+03
6.375000000000000000e+03
5.946000000000000000e+03
7.143000000000000000e+03
4.748000000000000000e+03
7.480000000000000000e+03
5.054000000000000000e+03
6.792000000000000000e+03
4.667000000000000000e+03
4.761000000000000000e+03
6.336000000000000000e+03
4.119000000000000000e+03
3.851000000000000000e+03
5.891000000000000000e+03
6.035000000000000000e+03
5.467000000000000000e+03
5.049000000000000000e+03
4.029000000000000000e+03
4.931000000000000000e+03
6.415000000000000000e+03
8.247000000000000000e+03
6.684000000000000000e+03
4.551000000000000000e+03
2.802000000000000000e+03
5.731000000000000000e+03
4.853000000000000000e+03
5.654000000000000000e+03
4.783000000000000000e+03
8.999000000000000000e+03
6.592000000000000000e+03
5.762000000000000000e+03
4.658000000000000000e+03
8.253000000000000000e+03
5.765000000000000000e+03
4.832000000000000000e+03
6.012000000000000000e+03
5.224000000000000000e+03
6.937000000000000000e+03
6.742000000000000000e+03
5.722000000000000000e+03
4.734000000000000000e+03
5.204000000000000000e+03
5.918000000000000000e+03
5.582000000000000000e+03
5.076000000000000000e+03
4.110000000000000000e+03
6.173000000000000000e+03
6.254000000000000000e+03
5.149000000000000000e+03
5.702000000000000000e+03
5.056000000000000000e+03
8.596000000000000000e+03
5.866000000000000000e+03
5.337000000000000000e+03
6.341000000000000000e+03
5.805000000000000000e+03
6.043000000000000000e+03
5.868000000000000000e+03
4.725000000000000000e+03
4.452000000000000000e+03
6.422000000000000000e+03
5.893000000000000000e+03
7.752000000000000000e+03
5.714000000000000000e+03
5.725000000000000000e+03
5.645000000000000000e+03
4.261000000000000000e+03
6.238000000000000000e+03
6.061000000000000000e+03
6.029000000000000000e+03
9.097000000000000000e+03
6.468000000000000000e+03
5.518000000000000000e+03
4.421000000000000000e+03
5.622000000000000000e+03
6.635000000000000000e+03
4.022000000000000000e+03
