7.524500000000000000e+04
7.774300000000000000e+04
8.041100000000000000e+04
6.871500000000000000e+04
7.739300000000000000e+04
8.341100000000000000e+04
6.547800000000000000e+04
9.040000000000000000e+04
8.492600000000000000e+04
8.125400000000000000e+04
9.267900000000000000e+04
8.522700000000000000e+04
9.266500000000000000e+04
8.529300000000000000e+04
9.537300000000000000e+04
8.450400000000000000e+04
1.024690000000000000e+05
9.620000000000000000e+04
9.587800000000000000e+04
8.938200000000000000e+04
8.346700000000000000e+04
1.030590000000000000e+05
1.039280000000000000e+05
8.792900000000000000e+04
6.948700000000000000e+04
9.393200000000000000e+04
8.213600000000000000e+04
1.117870000000000000e+05
1.103850000000000000e+05
9.078300000000000000e+04
1.007900000000000000e+05
9.666700000000000000e+04
8.702000000000000000e+04
6.659700000000000000e+04
9.481700000000000000e+04
1.050660000000000000e+05
8.307300000000000000e+04
1.031410000000000000e+05
7.799000000000000000e+04
9.947700000000000000e+04
1.087860000000000000e+05
9.450300000000000000e+04
9.954900000000000000e+04
1.146790000000000000e+05
8.942300000000000000e+04
1.010540000000000000e+05
9.854300000000000000e+04
9.738900000000000000e+04
8.075100000000000000e+04
8.851900000000000000e+04
9.221700000000000000e+04
1.098000000000000000e+05
1.150280000000000000e+05
8.564500000000000000e+04
9.533500000000000000e+04
1.055910000000000000e+05
9.994700000000000000e+04
1.183570000000000000e+05
1.133570000000000000e+05
1.016410000000000000e+05
1.018660000000000000e+05
1.169550000000000000e+05
1.132390000000000000e+05
9.974900000000000000e+04
9.741800000000000000e+04
1.025780000000000000e+05
1.177820000000000000e+05
1.040060000000000000e+05
1.150790000000000000e+05
9.799000000000000000e+04
1.023950000000000000e+05
9.540800000000000000e+04
9.394100000000000000e+04
1.060230000000000000e+05
1.305670000000000000e+05
9.834700000000000000e+04
9.615000000000000000e+04
1.178800000000000000e+05
9.101800000000000000e+04
1.033750000000000000e+05
1.138780000000000000e+05
1.080150000000000000e+05
9.963000000000000000e+04
1.133710000000000000e+05
1.118800000000000000e+05
1.144030000000000000e+05
1.083620000000000000e+05
1.048190000000000000e+05
7.969700000000000000e+04
1.111590000000000000e+05
1.096630000000000000e+05
1.248000000000000000e+05
7.296600000000000000e+04
9.895900000000000000e+04
8.468700000000000000e+04
7.948100000000000000e+04
7.605900000000000000e+04
1.188310000000000000e+05
9.001500000000000000e+04
9.996600000000000000e+04
8.868500000000000000e+04
9.128400000000000000e+04
7.298100000000000000e+04
1.131700000000000000e+05
1.017030000000000000e+05
1.002280000000000000e+05
7.543600000000000000e+04
9.531900000000000000e+04
9.640100000000000000e+04
1.453350000000000000e+05
8.783000000000000000e+04
7.012900000000000000e+04
8.675100000000000000e+04
9.436100000000000000e+04
1.045450000000000000e+05
9.076300000000000000e+04
9.198700000000000000e+04
9.477500000000000000e+04
1.038470000000000000e+05
1.005340000000000000e+05
8.004800000000000000e+04
9.273200000000000000e+04
9.053100000000000000e+04
8.761400000000000000e+04
9.719000000000000000e+04
1.065510000000000000e+05
8.504300000000000000e+04
1.008960000000000000e+05
8.534300000000000000e+04
1.017290000000000000e+05
9.497300000000000000e+04
1.173240000000000000e+05
9.874700000000000000e+04
8.362700000000000000e+04
8.309600000000000000e+04
1.042110000000000000e+05
9.237100000000000000e+04
1.037450000000000000e+05
1.010520000000000000e+05
9.405400000000000000e+04
9.465100000000000000e+04
1.147360000000000000e+05
8.214100000000000000e+04
9.883600000000000000e+04
1.059210000000000000e+05
1.092100000000000000e+05
9.585400000000000000e+04
1.205470000000000000e+05
1.013910000000000000e+05
1.012280000000000000e+05
9.989700000000000000e+04
1.115630000000000000e+05
1.039480000000000000e+05
8.249900000000000000e+04
1.100980000000000000e+05
1.073340000000000000e+05
8.634300000000000000e+04
6.660900000000000000e+04
1.043290000000000000e+05
9.358900000000000000e+04
1.010130000000000000e+05
9.145400000000000000e+04
9.507400000000000000e+04
1.100570000000000000e+05
8.824700000000000000e+04
1.436180000000000000e+05
7.933800000000000000e+04
9.556100000000000000e+04
9.406000000000000000e+04
1.041020000000000000e+05
9.741100000000000000e+04
8.913900000000000000e+04
1.039310000000000000e+05
8.331100000000000000e+04
1.090250000000000000e+05
1.318970000000000000e+05
8.940300000000000000e+04
9.408900000000000000e+04
7.908100000000000000e+04
1.220790000000000000e+05
1.024340000000000000e+05
9.951300000000000000e+04
9.684500000000000000e+04
1.032880000000000000e+05
7.950400000000000000e+04
7.896200000000000000e+04
8.429700000000000000e+04
8.817600000000000000e+04
8.130500000000000000e+04
1.020250000000000000e+05
1.076900000000000000e+05
1.084090000000000000e+05
1.172500000000000000e+05
1.029630000000000000e+05
1.172730000000000000e+05
8.444800000000000000e+04
9.367400000000000000e+04
1.093770000000000000e+05
6.226100000000000000e+04
1.007220000000000000e+05
9.681100000000000000e+04
1.211650000000000000e+05
9.541900000000000000e+04
9.471500000000000000e+04
9.531700000000000000e+04
1.028940000000000000e+05
1.028610000000000000e+05
1.066190000000000000e+05
7.872100000000000000e+04
8.402900000000000000e+04
1.114280000000000000e+05
1.098010000000000000e+05
7.254300000000000000e+04
9.900500000000000000e+04
7.993500000000000000e+04
8.796500000000000000e+04
8.026900000000000000e+04
1.097170000000000000e+05
9.512300000000000000e+04
6.460300000000000000e+04
7.676300000000000000e+04
7.842400000000000000e+04
9.357200000000000000e+04
9.604300000000000000e+04
1.040370000000000000e+05
9.560700000000000000e+04
6.962600000000000000e+04
9.922500000000000000e+04
9.925000000000000000e+04
1.258950000000000000e+05
1.099990000000000000e+05
9.609900000000000000e+04
7.808600000000000000e+04
9.316700000000000000e+04
9.305300000000000000e+04
7.786600000000000000e+04
9.865100000000000000e+04
1.040210000000000000e+05
9.850600000000000000e+04
1.031060000000000000e+05
9.818200000000000000e+04
7.792800000000000000e+04
9.947600000000000000e+04
9.150500000000000000e+04
8.686700000000000000e+04
9.688800000000000000e+04
9.602800000000000000e+04
1.294950000000000000e+05
1.108490000000000000e+05
1.152380000000000000e+05
8.674000000000000000e+04
1.125620000000000000e+05
1.170430000000000000e+05
9.845700000000000000e+04
1.015600000000000000e+05
7.907400000000000000e+04
1.044580000000000000e+05
1.249640000000000000e+05
9.517000000000000000e+04
1.125190000000000000e+05
9.611400000000000000e+04
8.553300000000000000e+04
8.308000000000000000e+04
1.123140000000000000e+05
8.807700000000000000e+04
9.859400000000000000e+04
9.132200000000000000e+04
9.475500000000000000e+04
7.755900000000000000e+04
1.034890000000000000e+05
1.079440000000000000e+05
1.004210000000000000e+05
9.145600000000000000e+04
7.610200000000000000e+04
9.541800000000000000e+04
1.062690000000000000e+05
7.686000000000000000e+04
8.658300000000000000e+04
8.436700000000000000e+04
1.169550000000000000e+05
1.042070000000000000e+05
1.223110000000000000e+05
9.381500000000000000e+04
1.081100000000000000e+05
8.058900000000000000e+04
9.199300000000000000e+04
8.209100000000000000e+04
8.890700000000000000e+04
9.253200000000000000e+04
7.670000000000000000e+04
9.333500000000000000e+04
8.979800000000000000e+04
9.935500000000000000e+04
9.890000000000000000e+04
1.030410000000000000e+05
7.636500000000000000e+04
9.906000000000000000e+04
1.242180000000000000e+05
1.023020000000000000e+05
1.046030000000000000e+05
1.083120000000000000e+05
6.957100000000000000e+04
1.000770000000000000e+05
9.269500000000000000e+04
1.141640000000000000e+05
1.302810000000000000e+05
9.701100000000000000e+04
1.049390000000000000e+05
9.017900000000000000e+04
1.022840000000000000e+05
9.147300000000000000e+04
9.542500000000000000e+04
9.579100000000000000e+04
9.185700000000000000e+04
7.718700000000000000e+04
9.259500000000000000e+04
7.221700000000000000e+04
1.009190000000000000e+05
8.906400000000000000e+04
1.065010000000000000e+05
1.113930000000000000e+05
9.456600000000000000e+04
8.512800000000000000e+04
9.988900000000000000e+04
9.111700000000000000e+04
9.489500000000000000e+04
6.850600000000000000e+04
9.876200000000000000e+04
1.016800000000000000e+05
1.019090000000000000e+05
1.037250000000000000e+05
9.412800000000000000e+04
1.030430000000000000e+05
9.509200000000000000e+04
6.377200000000000000e+04
1.123270000000000000e+05
8.297000000000000000e+04
1.222270000000000000e+05
8.868500000000000000e+04
1.082100000000000000e+05
1.029500000000000000e+05
1.243530000000000000e+05
1.165610000000000000e+05
9.415200000000000000e+04
8.229400000000000000e+04
1.115800000000000000e+05
5.882400000000000000e+04
7.850500000000000000e+04
1.021330000000000000e+05
8.484500000000000000e+04
1.042990000000000000e+05
1.149760000000000000e+05
1.007670000000000000e+05
6.475000000000000000e+04
7.964400000000000000e+04
9.809700000000000000e+04
9.626700000000000000e+04
9.854500000000000000e+04
1.035050000000000000e+05
9.799200000000000000e+04
9.634400000000000000e+04
8.332400000000000000e+04
9.634500000000000000e+04
1.176150000000000000e+05
1.186590000000000000e+05
8.141900000000000000e+04
1.026600000000000000e+05
9.080800000000000000e+04
8.917800000000000000e+04
7.460100000000000000e+04
9.822500000000000000e+04
1.093250000000000000e+05
9.879300000000000000e+04
1.017650000000000000e+05
9.081300000000000000e+04
1.078730000000000000e+05
7.923600000000000000e+04
1.266760000000000000e+05
7.519600000000000000e+04
7.961100000000000000e+04
1.011530000000000000e+05
7.477600000000000000e+04
1.080530000000000000e+05
1.135330000000000000e+05
7.621300000000000000e+04
7.299300000000000000e+04
1.031210000000000000e+05
1.150270000000000000e+05
1.042070000000000000e+05
8.862600000000000000e+04
1.023650000000000000e+05
1.097990000000000000e+05
1.067900000000000000e+05
7.995500000000000000e+04
9.995900000000000000e+04
9.923900000000000000e+04
8.755100000000000000e+04
8.022300000000000000e+04
7.441800000000000000e+04
1.226380000000000000e+05
8.596100000000000000e+04
6.283000000000000000e+04
9.040700000000000000e+04
9.863900000000000000e+04
8.647200000000000000e+04
9.693100000000000000e+04
9.652200000000000000e+04
1.004390000000000000e+05
1.146630000000000000e+05
1.084890000000000000e+05
9.401100000000000000e+04
8.997900000000000000e+04
8.977700000000000000e+04
1.039060000000000000e+05
8.028500000000000000e+04
7.448700000000000000e+04
1.016410000000000000e+05
9.953200000000000000e+04
8.198000000000000000e+04
1.131430000000000000e+05
8.692300000000000000e+04
8.032300000000000000e+04
7.667700000000000000e+04
9.668700000000000000e+04
1.175820000000000000e+05
1.117670000000000000e+05
7.669100000000000000e+04
9.450300000000000000e+04
8.617400000000000000e+04
1.058490000000000000e+05
1.046330000000000000e+05
1.073460000000000000e+05
1.036030000000000000e+05
8.206300000000000000e+04
8.142200000000000000e+04
8.172500000000000000e+04
8.828100000000000000e+04
7.337500000000000000e+04
1.140660000000000000e+05
9.271500000000000000e+04
9.449900000000000000e+04
1.076260000000000000e+05
9.080800000000000000e+04
1.175780000000000000e+05
1.222370000000000000e+05
9.657600000000000000e+04
9.773800000000000000e+04
7.128700000000000000e+04
1.023980000000000000e+05
6.994500000000000000e+04
1.217730000000000000e+05
8.781700000000000000e+04
1.107520000000000000e+05
1.049790000000000000e+05
1.036110000000000000e+05
9.281900000000000000e+04
7.906800000000000000e+04
1.059650000000000000e+05
1.019690000000000000e+05
1.023590000000000000e+05
8.873500000000000000e+04
1.043970000000000000e+05
1.120070000000000000e+05
9.845700000000000000e+04
9.818000000000000000e+04
7.637700000000000000e+04
9.428800000000000000e+04
1.235590000000000000e+05
8.307300000000000000e+04
7.537100000000000000e+04
9.756800000000000000e+04
9.735700000000000000e+04
1.147710000000000000e+05
8.511900000000000000e+04
9.753700000000000000e+04
1.108060000000000000e+05
8.605100000000000000e+04
8.532400000000000000e+04
1.097150000000000000e+05
8.862500000000000000e+04
1.324620000000000000e+05
9.908700000000000000e+04
1.184050000000000000e+05
9.038500000000000000e+04
9.091300000000000000e+04
8.462800000000000000e+04
1.070400000000000000e+05
8.699700000000000000e+04
1.101560000000000000e+05
1.008920000000000000e+05
1.150170000000000000e+05
1.015290000000000000e+05
9.136000000000000000e+04
1.003050000000000000e+05
1.122620000000000000e+05
7.682600000000000000e+04
7.191800000000000000e+04
1.011710000000000000e+05
1.035460000000000000e+05
1.130710000000000000e+05
8.780700000000000000e+04
1.003370000000000000e+05
9.722200000000000000e+04
1.197790000000000000e+05
8.657100000000000000e+04
9.360400000000000000e+04
9.645200000000000000e+04
7.967500000000000000e+04
9.502600000000000000e+04
1.137690000000000000e+05
8.820200000000000000e+04
9.026200000000000000e+04
1.149200000000000000e+05
1.036140000000000000e+05
1.001070000000000000e+05
1.029090000000000000e+05
9.940100000000000000e+04
9.880400000000000000e+04
9.435300000000000000e+04
8.289700000000000000e+04
9.455200000000000000e+04
8.630300000000000000e+04
1.209870000000000000e+05
9.037600000000000000e+04
1.059980000000000000e+05
1.104670000000000000e+05
1.040790000000000000e+05
8.216000000000000000e+04
8.915300000000000000e+04
7.119400000000000000e+04
1.059250000000000000e+05
7.916500000000000000e+04
1.080030000000000000e+05
9.567400000000000000e+04
7.717800000000000000e+04
7.297700000000000000e+04
1.009730000000000000e+05
9.564000000000000000e+04
8.803900000000000000e+04
9.475500000000000000e+04
1.040290000000000000e+05
9.876700000000000000e+04
7.679500000000000000e+04
8.899100000000000000e+04
1.027650000000000000e+05
8.814700000000000000e+04
1.107630000000000000e+05
9.332500000000000000e+04
9.957700000000000000e+04
9.504900000000000000e+04
1.014640000000000000e+05
9.237300000000000000e+04
7.514900000000000000e+04
8.709200000000000000e+04
9.957100000000000000e+04
9.675300000000000000e+04
9.457700000000000000e+04
8.140500000000000000e+04
8.052100000000000000e+04
1.238140000000000000e+05
7.151500000000000000e+04
1.277130000000000000e+05
1.240830000000000000e+05
9.152100000000000000e+04
9.128900000000000000e+04
1.008370000000000000e+05
1.198670000000000000e+05
7.535300000000000000e+04
1.359940000000000000e+05
8.833100000000000000e+04
1.015130000000000000e+05
1.085950000000000000e+05
1.144740000000000000e+05
8.882600000000000000e+04
1.080000000000000000e+05
9.269800000000000000e+04
1.095130000000000000e+05
7.622300000000000000e+04
8.384500000000000000e+04
8.499700000000000000e+04
7.718100000000000000e+04
8.478500000000000000e+04
1.185070000000000000e+05
9.924900000000000000e+04
9.029700000000000000e+04
1.185190000000000000e+05
1.125820000000000000e+05
1.029330000000000000e+05
1.167090000000000000e+05
8.656300000000000000e+04
8.810700000000000000e+04
1.063840000000000000e+05
9.979300000000000000e+04
1.211830000000000000e+05
1.425630000000000000e+05
1.061950000000000000e+05
9.372200000000000000e+04
8.486500000000000000e+04
9.126600000000000000e+04
1.061900000000000000e+05
1.024800000000000000e+05
1.189810000000000000e+05
1.149130000000000000e+05
9.807500000000000000e+04
1.052260000000000000e+05
9.412700000000000000e+04
1.050490000000000000e+05
1.199950000000000000e+05
8.111000000000000000e+04
8.748300000000000000e+04
7.958100000000000000e+04
1.021210000000000000e+05
9.528300000000000000e+04
8.329100000000000000e+04
1.207150000000000000e+05
9.855900000000000000e+04
9.287400000000000000e+04
1.092190000000000000e+05
8.755500000000000000e+04
9.417900000000000000e+04
9.875700000000000000e+04
6.935400000000000000e+04
9.133700000000000000e+04
6.913300000000000000e+04
9.330800000000000000e+04
8.999700000000000000e+04
1.157170000000000000e+05
1.016450000000000000e+05
1.260240000000000000e+05
7.769700000000000000e+04
1.016050000000000000e+05
9.391900000000000000e+04
1.030080000000000000e+05
1.401870000000000000e+05
8.948100000000000000e+04
9.162300000000000000e+04
9.456200000000000000e+04
8.423900000000000000e+04
1.088590000000000000e+05
1.073700000000000000e+05
8.491300000000000000e+04
7.486700000000000000e+04
1.112210000000000000e+05
9.466600000000000000e+04
9.253200000000000000e+04
8.894900000000000000e+04
1.032580000000000000e+05
7.865900000000000000e+04
1.056760000000000000e+05
8.722400000000000000e+04
1.037250000000000000e+05
9.688300000000000000e+04
1.156690000000000000e+05
9.375900000000000000e+04
8.952700000000000000e+04
1.100610000000000000e+05
7.738700000000000000e+04
8.524800000000000000e+04
9.603100000000000000e+04
5.671300000000000000e+04
9.984900000000000000e+04
9.382500000000000000e+04
1.111560000000000000e+05
8.412000000000000000e+04
9.970600000000000000e+04
8.337200000000000000e+04
1.156590000000000000e+05
1.144960000000000000e+05
7.647700000000000000e+04
6.975300000000000000e+04
1.128090000000000000e+05
8.685300000000000000e+04
8.643700000000000000e+04
8.483900000000000000e+04
1.112140000000000000e+05
9.832600000000000000e+04
1.063150000000000000e+05
1.069990000000000000e+05
8.018700000000000000e+04
1.018090000000000000e+05
8.901500000000000000e+04
1.118700000000000000e+05
1.369750000000000000e+05
7.967900000000000000e+04
6.726800000000000000e+04
8.292600000000000000e+04
1.105310000000000000e+05
8.288700000000000000e+04
8.399300000000000000e+04
9.150300000000000000e+04
1.153590000000000000e+05
9.421100000000000000e+04
9.422200000000000000e+04
1.051610000000000000e+05
9.465700000000000000e+04
9.510500000000000000e+04
6.974900000000000000e+04
9.825500000000000000e+04
9.827500000000000000e+04
1.087110000000000000e+05
8.526500000000000000e+04
1.171220000000000000e+05
1.066430000000000000e+05
1.027470000000000000e+05
9.049100000000000000e+04
1.001300000000000000e+05
1.067110000000000000e+05
1.132140000000000000e+05
1.059390000000000000e+05
1.023830000000000000e+05
1.022110000000000000e+05
9.108000000000000000e+04
9.804500000000000000e+04
1.002390000000000000e+05
1.151330000000000000e+05
1.079470000000000000e+05
7.850800000000000000e+04
1.089230000000000000e+05
9.102500000000000000e+04
9.668100000000000000e+04
7.660200000000000000e+04
1.197790000000000000e+05
1.278390000000000000e+05
9.580500000000000000e+04
1.027590000000000000e+05
6.755600000000000000e+04
9.807100000000000000e+04
7.791700000000000000e+04
8.033200000000000000e+04
1.081910000000000000e+05
7.979800000000000000e+04
1.033050000000000000e+05
1.125770000000000000e+05
8.363500000000000000e+04
1.014350000000000000e+05
9.161300000000000000e+04
1.065690000000000000e+05
9.896500000000000000e+04
8.870800000000000000e+04
8.463300000000000000e+04
9.749100000000000000e+04
1.116200000000000000e+05
1.042340000000000000e+05
1.014590000000000000e+05
1.136630000000000000e+05
9.973300000000000000e+04
1.088670000000000000e+05
9.784900000000000000e+04
1.025070000000000000e+05
9.046500000000000000e+04
1.241640000000000000e+05
1.050950000000000000e+05
8.358900000000000000e+04
8.791000000000000000e+04
1.062110000000000000e+05
1.111510000000000000e+05
9.040300000000000000e+04
9.002200000000000000e+04
1.019560000000000000e+05
1.039880000000000000e+05
1.085400000000000000e+05
9.970600000000000000e+04
1.120790000000000000e+05
1.001110000000000000e+05
1.231610000000000000e+05
9.717200000000000000e+04
8.780500000000000000e+04
8.126900000000000000e+04
1.245470000000000000e+05
1.088390000000000000e+05
1.113290000000000000e+05
8.109900000000000000e+04
1.279680000000000000e+05
9.604000000000000000e+04
1.055210000000000000e+05
1.108810000000000000e+05
1.001420000000000000e+05
1.053230000000000000e+05
8.916200000000000000e+04
1.042710000000000000e+05
1.236350000000000000e+05
7.908700000000000000e+04
7.864000000000000000e+04
1.011950000000000000e+05
1.019920000000000000e+05
8.629300000000000000e+04
7.843500000000000000e+04
8.910200000000000000e+04
1.010140000000000000e+05
9.137900000000000000e+04
1.003300000000000000e+05
1.142620000000000000e+05
1.011160000000000000e+05
1.124280000000000000e+05
1.143010000000000000e+05
1.016540000000000000e+05
1.060370000000000000e+05
8.549300000000000000e+04
8.625500000000000000e+04
1.013170000000000000e+05
7.910400000000000000e+04
1.094880000000000000e+05
1.028010000000000000e+05
6.683600000000000000e+04
8.767700000000000000e+04
9.895000000000000000e+04
8.623300000000000000e+04
1.025510000000000000e+05
8.216900000000000000e+04
1.108350000000000000e+05
1.058200000000000000e+05
8.660400000000000000e+04
7.673900000000000000e+04
1.149960000000000000e+05
9.838500000000000000e+04
8.884600000000000000e+04
6.495900000000000000e+04
9.724100000000000000e+04
8.952700000000000000e+04
8.572500000000000000e+04
9.453100000000000000e+04
8.485700000000000000e+04
8.483400000000000000e+04
1.078970000000000000e+05
9.211800000000000000e+04
1.203900000000000000e+05
1.099100000000000000e+05
1.085010000000000000e+05
9.029500000000000000e+04
1.025620000000000000e+05
9.862500000000000000e+04
8.251800000000000000e+04
8.684100000000000000e+04
1.223840000000000000e+05
1.046440000000000000e+05
9.372000000000000000e+04
9.981900000000000000e+04
1.050200000000000000e+05
1.056270000000000000e+05
9.656300000000000000e+04
1.001300000000000000e+05
7.695500000000000000e+04
9.507000000000000000e+04
1.139790000000000000e+05
9.362900000000000000e+04
1.054210000000000000e+05
1.024880000000000000e+05
8.558200000000000000e+04
9.168100000000000000e+04
1.114330000000000000e+05
7.960900000000000000e+04
8.917800000000000000e+04
1.075140000000000000e+05
8.533100000000000000e+04
9.896100000000000000e+04
9.705700000000000000e+04
1.030650000000000000e+05
9.007100000000000000e+04
1.041030000000000000e+05
1.033910000000000000e+05
1.033130000000000000e+05
9.733400000000000000e+04
1.106310000000000000e+05
9.458000000000000000e+04
9.540500000000000000e+04
8.744900000000000000e+04
9.100100000000000000e+04
9.245400000000000000e+04
1.063790000000000000e+05
1.156550000000000000e+05
8.874800000000000000e+04
9.449100000000000000e+04
8.165700000000000000e+04
1.052340000000000000e+05
7.205900000000000000e+04
7.916200000000000000e+04
9.118000000000000000e+04
7.945200000000000000e+04
1.204320000000000000e+05
1.055510000000000000e+05
9.135600000000000000e+04
9.298200000000000000e+04
9.101800000000000000e+04
9.384500000000000000e+04
9.372500000000000000e+04
8.687800000000000000e+04
7.496800000000000000e+04
8.996300000000000000e+04
7.821700000000000000e+04
9.633300000000000000e+04
1.078190000000000000e+05
8.612900000000000000e+04
9.087900000000000000e+04
1.033270000000000000e+05
1.018620000000000000e+05
1.046680000000000000e+05
7.484300000000000000e+04
1.000040000000000000e+05
1.165680000000000000e+05
1.035470000000000000e+05
1.375350000000000000e+05
1.131860000000000000e+05
9.307500000000000000e+04
9.288100000000000000e+04
8.081700000000000000e+04
1.058280000000000000e+05
8.889000000000000000e+04
1.068870000000000000e+05
9.505900000000000000e+04
9.640000000000000000e+04
1.068810000000000000e+05
8.292800000000000000e+04
7.523300000000000000e+04
9.956100000000000000e+04
1.112570000000000000e+05
8.042500000000000000e+04
9.729000000000000000e+04
1.019590000000000000e+05
8.016800000000000000e+04
1.015480000000000000e+05
1.191210000000000000e+05
1.140890000000000000e+05
1.103250000000000000e+05
1.169710000000000000e+05
8.882100000000000000e+04
1.157170000000000000e+05
1.092030000000000000e+05
9.492400000000000000e+04
1.037990000000000000e+05
1.048630000000000000e+05
9.487900000000000000e+04
9.638800000000000000e+04
8.320200000000000000e+04
8.969300000000000000e+04
1.003610000000000000e+05
9.114500000000000000e+04
1.092410000000000000e+05
1.067590000000000000e+05
9.281500000000000000e+04
9.182400000000000000e+04
1.138020000000000000e+05
7.810800000000000000e+04
8.127700000000000000e+04
1.100250000000000000e+05
1.073920000000000000e+05
1.264110000000000000e+05
1.038910000000000000e+05
9.674400000000000000e+04
7.718500000000000000e+04
1.228900000000000000e+05
8.615300000000000000e+04
7.954100000000000000e+04
1.078680000000000000e+05
1.220600000000000000e+05
8.782600000000000000e+04
1.132670000000000000e+05
7.730600000000000000e+04
8.988700000000000000e+04
7.482600000000000000e+04
8.916100000000000000e+04
1.115930000000000000e+05
9.193100000000000000e+04
1.056850000000000000e+05
9.117500000000000000e+04
8.630500000000000000e+04
9.389600000000000000e+04
9.710200000000000000e+04
9.610900000000000000e+04
1.149130000000000000e+05
9.900100000000000000e+04
9.926700000000000000e+04
9.751900000000000000e+04
1.004620000000000000e+05
1.101230000000000000e+05
8.718700000000000000e+04
1.019590000000000000e+05
1.173060000000000000e+05
9.249400000000000000e+04
8.515100000000000000e+04
9.364900000000000000e+04
8.387600000000000000e+04
1.152370000000000000e+05
1.047800000000000000e+05
9.928600000000000000e+04
1.237940000000000000e+05
1.058810000000000000e+05
7.105000000000000000e+04
7.887500000000000000e+04
1.050100000000000000e+05
9.557600000000000000e+04
1.019890000000000000e+05
1.131840000000000000e+05
9.533300000000000000e+04
1.172730000000000000e+05
8.734700000000000000e+04
9.808100000000000000e+04
1.123630000000000000e+05
8.497200000000000000e+04
1.127190000000000000e+05
1.145190000000000000e+05
