7.286900000000000000e+04
7.721900000000000000e+04
7.775000000000000000e+04
7.989400000000000000e+04
8.243700000000000000e+04
8.398700000000000000e+04
8.028800000000000000e+04
8.474200000000000000e+04
8.080400000000000000e+04
8.530900000000000000e+04
8.587400000000000000e+04
8.137800000000000000e+04
8.699200000000000000e+04
8.681500000000000000e+04
8.652000000000000000e+04
8.752300000000000000e+04
8.318900000000000000e+04
8.277600000000000000e+04
8.071400000000000000e+04
8.777300000000000000e+04
8.475700000000000000e+04
8.940400000000000000e+04
8.954000000000000000e+04
8.746000000000000000e+04
8.489600000000000000e+04
8.671100000000000000e+04
8.593400000000000000e+04
8.971800000000000000e+04
9.011900000000000000e+04
9.103000000000000000e+04
8.448200000000000000e+04
8.784600000000000000e+04
9.062900000000000000e+04
9.169100000000000000e+04
8.649100000000000000e+04
8.749500000000000000e+04
8.765400000000000000e+04
8.745000000000000000e+04
9.351600000000000000e+04
8.830600000000000000e+04
8.983200000000000000e+04
9.542600000000000000e+04
9.554800000000000000e+04
9.056800000000000000e+04
9.168400000000000000e+04
9.201800000000000000e+04
9.380600000000000000e+04
9.044700000000000000e+04
9.066800000000000000e+04
9.110500000000000000e+04
8.364500000000000000e+04
9.649600000000000000e+04
9.158600000000000000e+04
9.715500000000000000e+04
9.626500000000000000e+04
9.127800000000000000e+04
9.153700000000000000e+04
9.170200000000000000e+04
9.202100000000000000e+04
9.288900000000000000e+04
9.648500000000000000e+04
9.729100000000000000e+04
9.211900000000000000e+04
9.771200000000000000e+04
9.325800000000000000e+04
9.816400000000000000e+04
9.389300000000000000e+04
9.381000000000000000e+04
9.445500000000000000e+04
9.510300000000000000e+04
1.000000000000000000e+05
1.000000000000000000e+05
9.543000000000000000e+04
9.808000000000000000e+04
9.810100000000000000e+04
9.773900000000000000e+04
9.706300000000000000e+04
9.712800000000000000e+04
9.758900000000000000e+04
1.000000000000000000e+05
9.200200000000000000e+04
1.000000000000000000e+05
9.847400000000000000e+04
1.000000000000000000e+05
1.000000000000000000e+05
9.945100000000000000e+04
1.000000000000000000e+05
1.000000000000000000e+05
9.950100000000000000e+04
9.593200000000000000e+04
9.986800000000000000e+04
1.000000000000000000e+05
9.446900000000000000e+04
9.904800000000000000e+04
1.000000000000000000e+05
1.000000000000000000e+05
8.399800000000000000e+04
7.815600000000000000e+04
8.013900000000000000e+04
7.317400000000000000e+04
7.966200000000000000e+04
8.972500000000000000e+04
9.232300000000000000e+04
8.425000000000000000e+04
8.243300000000000000e+04
9.187200000000000000e+04
8.854300000000000000e+04
9.152900000000000000e+04
8.859900000000000000e+04
9.067100000000000000e+04
1.000000000000000000e+05
8.962400000000000000e+04
9.095200000000000000e+04
9.475500000000000000e+04
7.885000000000000000e+04
9.075300000000000000e+04
9.401100000000000000e+04
8.230200000000000000e+04
8.209100000000000000e+04
9.134300000000000000e+04
9.066400000000000000e+04
8.367600000000000000e+04
8.866400000000000000e+04
9.273600000000000000e+04
9.217400000000000000e+04
9.585100000000000000e+04
8.722500000000000000e+04
8.461600000000000000e+04
9.091200000000000000e+04
8.949200000000000000e+04
8.893900000000000000e+04
9.019000000000000000e+04
8.214000000000000000e+04
9.185600000000000000e+04
9.528800000000000000e+04
8.510500000000000000e+04
8.885400000000000000e+04
8.680500000000000000e+04
9.765100000000000000e+04
9.643000000000000000e+04
9.019300000000000000e+04
9.734100000000000000e+04
9.606700000000000000e+04
8.668900000000000000e+04
1.000000000000000000e+05
1.000000000000000000e+05
8.852900000000000000e+04
8.187100000000000000e+04
8.651400000000000000e+04
9.340500000000000000e+04
9.283500000000000000e+04
9.804000000000000000e+04
8.785300000000000000e+04
9.288700000000000000e+04
9.076100000000000000e+04
8.468900000000000000e+04
9.382000000000000000e+04
8.596000000000000000e+04
9.464300000000000000e+04
1.000000000000000000e+05
9.597200000000000000e+04
9.730400000000000000e+04
9.007700000000000000e+04
8.640800000000000000e+04
9.104600000000000000e+04
8.840100000000000000e+04
8.671100000000000000e+04
9.476700000000000000e+04
8.749500000000000000e+04
9.198900000000000000e+04
1.000000000000000000e+05
9.305500000000000000e+04
9.617100000000000000e+04
9.076100000000000000e+04
9.836700000000000000e+04
9.773200000000000000e+04
9.957700000000000000e+04
9.494300000000000000e+04
9.646600000000000000e+04
9.375700000000000000e+04
9.517900000000000000e+04
8.072200000000000000e+04
9.667000000000000000e+04
9.976300000000000000e+04
1.000000000000000000e+05
9.409800000000000000e+04
8.907500000000000000e+04
8.615300000000000000e+04
8.754300000000000000e+04
7.628000000000000000e+04
8.229300000000000000e+04
8.509400000000000000e+04
9.415900000000000000e+04
7.975000000000000000e+04
8.640100000000000000e+04
7.811600000000000000e+04
7.197300000000000000e+04
9.221300000000000000e+04
8.304500000000000000e+04
8.373100000000000000e+04
8.121400000000000000e+04
8.624900000000000000e+04
9.226900000000000000e+04
8.188700000000000000e+04
9.547000000000000000e+04
7.831500000000000000e+04
8.831600000000000000e+04
9.592400000000000000e+04
9.290500000000000000e+04
8.837600000000000000e+04
9.598000000000000000e+04
8.028100000000000000e+04
8.580800000000000000e+04
9.598600000000000000e+04
8.687300000000000000e+04
9.578400000000000000e+04
8.653500000000000000e+04
8.706900000000000000e+04
8.948100000000000000e+04
8.638200000000000000e+04
9.618800000000000000e+04
8.729900000000000000e+04
8.333900000000000000e+04
9.057900000000000000e+04
8.219200000000000000e+04
8.530900000000000000e+04
9.100200000000000000e+04
9.432100000000000000e+04
1.000000000000000000e+05
9.276500000000000000e+04
8.500900000000000000e+04
8.738800000000000000e+04
9.494600000000000000e+04
8.777900000000000000e+04
9.322400000000000000e+04
9.062200000000000000e+04
8.010600000000000000e+04
8.645600000000000000e+04
8.095100000000000000e+04
1.000000000000000000e+05
1.000000000000000000e+05
9.659500000000000000e+04
8.696000000000000000e+04
8.609100000000000000e+04
1.000000000000000000e+05
9.516700000000000000e+04
9.932700000000000000e+04
1.000000000000000000e+05
8.457800000000000000e+04
7.880900000000000000e+04
9.481700000000000000e+04
8.776500000000000000e+04
9.972300000000000000e+04
9.475000000000000000e+04
9.429700000000000000e+04
9.009900000000000000e+04
8.838900000000000000e+04
8.677100000000000000e+04
1.000000000000000000e+05
8.675900000000000000e+04
8.775600000000000000e+04
9.205400000000000000e+04
9.574400000000000000e+04
9.124000000000000000e+04
8.122700000000000000e+04
8.996200000000000000e+04
8.235200000000000000e+04
9.001600000000000000e+04
9.706900000000000000e+04
9.518800000000000000e+04
9.750200000000000000e+04
9.716100000000000000e+04
9.380600000000000000e+04
1.000000000000000000e+05
1.000000000000000000e+05
9.708900000000000000e+04
9.240100000000000000e+04
9.980100000000000000e+04
1.000000000000000000e+05
1.000000000000000000e+05
9.699600000000000000e+04
9.127300000000000000e+04
7.928400000000000000e+04
8.753400000000000000e+04
8.270400000000000000e+04
8.684000000000000000e+04
8.456300000000000000e+04
8.639200000000000000e+04
8.897000000000000000e+04
8.871700000000000000e+04
8.482300000000000000e+04
8.292700000000000000e+04
7.846800000000000000e+04
1.000000000000000000e+05
8.124400000000000000e+04
8.932600000000000000e+04
9.156300000000000000e+04
8.803300000000000000e+04
1.000000000000000000e+05
7.536500000000000000e+04
9.547100000000000000e+04
9.609300000000000000e+04
9.652900000000000000e+04
8.361100000000000000e+04
9.653200000000000000e+04
9.258700000000000000e+04
9.001200000000000000e+04
9.214600000000000000e+04
1.000000000000000000e+05
9.349000000000000000e+04
9.906400000000000000e+04
9.022000000000000000e+04
9.498500000000000000e+04
8.097600000000000000e+04
1.000000000000000000e+05
9.502100000000000000e+04
8.615500000000000000e+04
9.245400000000000000e+04
8.825200000000000000e+04
8.895400000000000000e+04
9.821900000000000000e+04
9.414900000000000000e+04
9.813600000000000000e+04
8.633100000000000000e+04
9.502800000000000000e+04
9.577700000000000000e+04
9.596400000000000000e+04
8.622400000000000000e+04
7.905700000000000000e+04
8.918100000000000000e+04
9.399100000000000000e+04
9.192200000000000000e+04
9.358000000000000000e+04
9.249500000000000000e+04
8.261800000000000000e+04
9.267700000000000000e+04
1.000000000000000000e+05
8.928800000000000000e+04
1.000000000000000000e+05
8.198300000000000000e+04
8.751500000000000000e+04
8.421700000000000000e+04
9.822700000000000000e+04
8.307900000000000000e+04
9.429900000000000000e+04
8.596000000000000000e+04
9.115000000000000000e+04
1.000000000000000000e+05
8.837700000000000000e+04
9.765900000000000000e+04
8.931600000000000000e+04
9.098400000000000000e+04
9.155200000000000000e+04
8.806100000000000000e+04
9.869500000000000000e+04
8.340600000000000000e+04
9.416800000000000000e+04
9.881900000000000000e+04
9.384100000000000000e+04
9.714100000000000000e+04
9.220700000000000000e+04
1.000000000000000000e+05
8.177400000000000000e+04
1.000000000000000000e+05
8.811800000000000000e+04
9.273900000000000000e+04
9.979400000000000000e+04
9.742800000000000000e+04
1.000000000000000000e+05
1.000000000000000000e+05
8.793800000000000000e+04
9.818300000000000000e+04
9.405100000000000000e+04
8.204400000000000000e+04
8.705500000000000000e+04
9.427800000000000000e+04
7.837400000000000000e+04
8.840400000000000000e+04
9.037700000000000000e+04
9.285900000000000000e+04
9.733300000000000000e+04
8.240000000000000000e+04
9.883300000000000000e+04
1.000000000000000000e+05
8.962300000000000000e+04
7.621100000000000000e+04
8.213100000000000000e+04
9.539100000000000000e+04
8.770000000000000000e+04
9.274700000000000000e+04
7.950200000000000000e+04
7.326600000000000000e+04
1.000000000000000000e+05
9.624300000000000000e+04
7.946800000000000000e+04
9.667800000000000000e+04
9.616200000000000000e+04
9.035400000000000000e+04
9.003500000000000000e+04
8.666700000000000000e+04
9.488900000000000000e+04
9.723000000000000000e+04
9.493900000000000000e+04
9.449600000000000000e+04
8.943200000000000000e+04
8.423100000000000000e+04
9.856600000000000000e+04
9.533500000000000000e+04
9.699000000000000000e+04
9.543700000000000000e+04
9.016900000000000000e+04
8.706700000000000000e+04
9.246700000000000000e+04
8.603100000000000000e+04
9.435400000000000000e+04
7.753600000000000000e+04
8.710900000000000000e+04
7.881800000000000000e+04
8.069700000000000000e+04
8.482100000000000000e+04
9.528500000000000000e+04
1.000000000000000000e+05
9.224900000000000000e+04
9.253500000000000000e+04
8.794900000000000000e+04
1.000000000000000000e+05
8.959700000000000000e+04
1.000000000000000000e+05
9.459200000000000000e+04
9.839600000000000000e+04
8.576400000000000000e+04
9.421600000000000000e+04
9.306700000000000000e+04
8.737700000000000000e+04
1.000000000000000000e+05
9.286100000000000000e+04
8.905400000000000000e+04
9.778200000000000000e+04
1.000000000000000000e+05
9.140900000000000000e+04
9.668800000000000000e+04
8.990500000000000000e+04
7.646200000000000000e+04
8.278000000000000000e+04
9.254900000000000000e+04
9.290600000000000000e+04
8.710600000000000000e+04
9.436300000000000000e+04
8.960100000000000000e+04
9.095000000000000000e+04
1.000000000000000000e+05
9.474500000000000000e+04
7.565600000000000000e+04
8.937100000000000000e+04
9.504400000000000000e+04
8.252300000000000000e+04
9.642800000000000000e+04
8.439100000000000000e+04
9.720600000000000000e+04
8.503700000000000000e+04
9.320700000000000000e+04
9.076400000000000000e+04
1.000000000000000000e+05
9.583000000000000000e+04
9.855000000000000000e+04
9.168500000000000000e+04
9.710500000000000000e+04
9.818700000000000000e+04
1.000000000000000000e+05
8.005700000000000000e+04
9.086600000000000000e+04
8.410500000000000000e+04
8.050300000000000000e+04
8.594300000000000000e+04
1.000000000000000000e+05
9.266000000000000000e+04
9.693300000000000000e+04
8.601300000000000000e+04
1.000000000000000000e+05
8.710600000000000000e+04
9.286100000000000000e+04
8.151800000000000000e+04
8.545100000000000000e+04
9.406700000000000000e+04
8.485200000000000000e+04
8.306000000000000000e+04
1.000000000000000000e+05
8.624600000000000000e+04
8.327500000000000000e+04
9.322900000000000000e+04
8.572500000000000000e+04
8.558200000000000000e+04
7.904200000000000000e+04
8.760600000000000000e+04
7.483300000000000000e+04
8.669600000000000000e+04
8.742200000000000000e+04
9.025500000000000000e+04
1.000000000000000000e+05
8.555900000000000000e+04
1.000000000000000000e+05
9.795900000000000000e+04
8.979400000000000000e+04
8.308000000000000000e+04
9.477600000000000000e+04
9.720400000000000000e+04
9.028600000000000000e+04
8.504500000000000000e+04
7.863500000000000000e+04
9.477100000000000000e+04
9.212500000000000000e+04
9.577400000000000000e+04
8.740800000000000000e+04
8.918000000000000000e+04
9.745100000000000000e+04
8.886600000000000000e+04
9.950400000000000000e+04
8.641100000000000000e+04
9.494000000000000000e+04
9.690300000000000000e+04
9.340700000000000000e+04
1.000000000000000000e+05
9.325900000000000000e+04
9.882300000000000000e+04
9.552300000000000000e+04
8.564600000000000000e+04
9.215900000000000000e+04
9.150300000000000000e+04
9.378700000000000000e+04
8.997800000000000000e+04
7.899000000000000000e+04
9.430800000000000000e+04
9.800800000000000000e+04
8.725000000000000000e+04
8.763700000000000000e+04
9.531800000000000000e+04
9.620000000000000000e+04
8.468200000000000000e+04
1.000000000000000000e+05
9.752300000000000000e+04
9.676100000000000000e+04
9.161100000000000000e+04
9.813900000000000000e+04
9.164400000000000000e+04
9.979400000000000000e+04
1.000000000000000000e+05
8.580100000000000000e+04
9.588000000000000000e+04
9.284800000000000000e+04
1.000000000000000000e+05
1.000000000000000000e+05
9.857300000000000000e+04
9.255200000000000000e+04
8.407200000000000000e+04
8.400600000000000000e+04
9.343400000000000000e+04
1.000000000000000000e+05
9.552100000000000000e+04
9.602500000000000000e+04
1.000000000000000000e+05
9.069400000000000000e+04
8.708500000000000000e+04
9.734400000000000000e+04
9.682400000000000000e+04
8.758200000000000000e+04
8.582000000000000000e+04
9.261700000000000000e+04
9.158300000000000000e+04
8.871700000000000000e+04
7.601400000000000000e+04
1.000000000000000000e+05
8.546300000000000000e+04
8.379000000000000000e+04
7.435500000000000000e+04
9.352100000000000000e+04
8.826200000000000000e+04
8.556500000000000000e+04
9.542600000000000000e+04
8.843200000000000000e+04
8.829800000000000000e+04
9.506900000000000000e+04
9.160000000000000000e+04
9.309000000000000000e+04
9.555800000000000000e+04
9.429700000000000000e+04
8.141500000000000000e+04
9.833400000000000000e+04
8.513000000000000000e+04
1.000000000000000000e+05
8.543600000000000000e+04
8.346700000000000000e+04
1.000000000000000000e+05
8.520700000000000000e+04
7.806900000000000000e+04
9.519900000000000000e+04
8.168900000000000000e+04
1.000000000000000000e+05
9.608200000000000000e+04
9.243000000000000000e+04
9.544900000000000000e+04
8.446200000000000000e+04
8.810200000000000000e+04
1.000000000000000000e+05
8.892200000000000000e+04
9.691500000000000000e+04
8.830100000000000000e+04
8.868900000000000000e+04
1.000000000000000000e+05
9.834000000000000000e+04
9.716600000000000000e+04
9.076600000000000000e+04
8.972800000000000000e+04
8.949200000000000000e+04
9.376500000000000000e+04
7.988200000000000000e+04
9.313000000000000000e+04
9.829400000000000000e+04
1.000000000000000000e+05
9.057300000000000000e+04
9.324200000000000000e+04
8.792600000000000000e+04
1.000000000000000000e+05
9.063200000000000000e+04
9.943500000000000000e+04
7.845100000000000000e+04
8.837600000000000000e+04
8.569500000000000000e+04
9.386500000000000000e+04
8.189300000000000000e+04
9.231100000000000000e+04
1.000000000000000000e+05
1.000000000000000000e+05
9.188700000000000000e+04
9.269400000000000000e+04
9.022600000000000000e+04
8.829600000000000000e+04
9.078900000000000000e+04
9.417400000000000000e+04
8.913200000000000000e+04
8.516400000000000000e+04
9.586000000000000000e+04
8.395900000000000000e+04
9.326100000000000000e+04
9.106800000000000000e+04
1.000000000000000000e+05
1.000000000000000000e+05
1.000000000000000000e+05
8.315000000000000000e+04
8.402900000000000000e+04
9.796800000000000000e+04
1.000000000000000000e+05
9.739500000000000000e+04
7.270200000000000000e+04
8.502200000000000000e+04
9.696200000000000000e+04
8.354900000000000000e+04
9.062900000000000000e+04
1.000000000000000000e+05
8.680300000000000000e+04
9.691100000000000000e+04
8.892200000000000000e+04
9.653200000000000000e+04
8.651000000000000000e+04
9.060900000000000000e+04
9.777400000000000000e+04
9.234500000000000000e+04
1.000000000000000000e+05
9.230700000000000000e+04
9.548100000000000000e+04
9.418600000000000000e+04
8.785300000000000000e+04
8.789600000000000000e+04
9.768200000000000000e+04
7.723600000000000000e+04
8.141300000000000000e+04
7.639000000000000000e+04
9.054700000000000000e+04
9.328400000000000000e+04
8.575200000000000000e+04
8.926100000000000000e+04
8.223500000000000000e+04
1.000000000000000000e+05
9.393300000000000000e+04
8.543600000000000000e+04
8.700700000000000000e+04
9.463500000000000000e+04
8.850500000000000000e+04
9.578200000000000000e+04
9.198500000000000000e+04
9.238100000000000000e+04
9.198400000000000000e+04
9.999400000000000000e+04
9.964400000000000000e+04
1.000000000000000000e+05
9.380100000000000000e+04
9.357200000000000000e+04
9.049200000000000000e+04
8.783200000000000000e+04
8.287000000000000000e+04
8.638100000000000000e+04
9.083400000000000000e+04
8.729100000000000000e+04
8.621800000000000000e+04
9.513500000000000000e+04
9.570200000000000000e+04
8.453600000000000000e+04
8.735300000000000000e+04
7.835900000000000000e+04
8.712600000000000000e+04
9.583500000000000000e+04
8.669900000000000000e+04
8.181200000000000000e+04
8.960500000000000000e+04
9.230300000000000000e+04
9.732600000000000000e+04
8.545000000000000000e+04
9.021800000000000000e+04
8.486500000000000000e+04
9.345100000000000000e+04
1.000000000000000000e+05
9.047700000000000000e+04
8.488300000000000000e+04
8.999500000000000000e+04
8.434700000000000000e+04
9.391500000000000000e+04
1.000000000000000000e+05
9.450400000000000000e+04
1.000000000000000000e+05
8.876300000000000000e+04
8.664500000000000000e+04
9.499400000000000000e+04
8.754100000000000000e+04
8.650400000000000000e+04
9.627300000000000000e+04
1.000000000000000000e+05
8.521300000000000000e+04
9.024300000000000000e+04
9.062200000000000000e+04
9.352400000000000000e+04
8.978400000000000000e+04
8.095900000000000000e+04
8.779900000000000000e+04
9.119900000000000000e+04
1.000000000000000000e+05
9.421300000000000000e+04
8.789600000000000000e+04
9.468100000000000000e+04
8.460800000000000000e+04
8.481000000000000000e+04
7.865500000000000000e+04
9.159700000000000000e+04
9.287400000000000000e+04
8.523100000000000000e+04
9.653400000000000000e+04
7.958000000000000000e+04
9.645200000000000000e+04
9.268600000000000000e+04
9.094700000000000000e+04
9.160300000000000000e+04
7.547500000000000000e+04
8.477800000000000000e+04
9.510100000000000000e+04
9.798500000000000000e+04
9.526000000000000000e+04
9.895200000000000000e+04
8.944600000000000000e+04
8.784800000000000000e+04
8.759600000000000000e+04
9.794600000000000000e+04
9.851500000000000000e+04
9.456200000000000000e+04
8.576000000000000000e+04
1.000000000000000000e+05
9.557100000000000000e+04
8.760700000000000000e+04
8.297300000000000000e+04
9.829500000000000000e+04
8.272500000000000000e+04
9.620900000000000000e+04
9.446200000000000000e+04
1.000000000000000000e+05
8.824100000000000000e+04
8.891700000000000000e+04
8.430100000000000000e+04
8.420000000000000000e+04
8.599200000000000000e+04
8.868900000000000000e+04
9.262900000000000000e+04
9.859400000000000000e+04
8.499600000000000000e+04
1.000000000000000000e+05
9.933600000000000000e+04
8.108300000000000000e+04
8.489000000000000000e+04
9.218800000000000000e+04
9.301100000000000000e+04
8.716200000000000000e+04
9.189100000000000000e+04
9.469700000000000000e+04
9.266200000000000000e+04
9.018800000000000000e+04
9.062100000000000000e+04
9.884700000000000000e+04
8.982300000000000000e+04
8.898300000000000000e+04
9.082600000000000000e+04
8.652800000000000000e+04
9.285700000000000000e+04
8.732000000000000000e+04
1.000000000000000000e+05
6.690900000000000000e+04
9.247600000000000000e+04
8.759200000000000000e+04
8.694800000000000000e+04
8.939700000000000000e+04
9.443300000000000000e+04
1.000000000000000000e+05
9.554500000000000000e+04
8.825100000000000000e+04
7.594900000000000000e+04
9.470500000000000000e+04
8.678400000000000000e+04
1.000000000000000000e+05
8.835100000000000000e+04
9.493800000000000000e+04
8.685500000000000000e+04
8.821000000000000000e+04
9.238000000000000000e+04
7.755400000000000000e+04
8.620400000000000000e+04
9.595100000000000000e+04
9.991000000000000000e+04
8.990900000000000000e+04
9.525100000000000000e+04
9.415800000000000000e+04
8.979700000000000000e+04
9.225700000000000000e+04
9.189400000000000000e+04
8.889500000000000000e+04
1.000000000000000000e+05
8.778700000000000000e+04
7.977200000000000000e+04
9.992300000000000000e+04
9.889600000000000000e+04
9.656900000000000000e+04
9.907700000000000000e+04
9.043600000000000000e+04
9.578700000000000000e+04
9.849200000000000000e+04
9.592400000000000000e+04
1.000000000000000000e+05
9.800200000000000000e+04
9.932500000000000000e+04
9.222200000000000000e+04
9.486000000000000000e+04
8.382300000000000000e+04
8.561000000000000000e+04
8.895100000000000000e+04
9.042400000000000000e+04
7.845700000000000000e+04
9.847800000000000000e+04
8.993400000000000000e+04
9.498500000000000000e+04
8.436600000000000000e+04
9.153900000000000000e+04
8.555100000000000000e+04
7.963400000000000000e+04
9.550900000000000000e+04
9.604100000000000000e+04
9.241800000000000000e+04
9.502300000000000000e+04
9.578900000000000000e+04
9.383300000000000000e+04
1.000000000000000000e+05
1.000000000000000000e+05
8.210200000000000000e+04
9.050400000000000000e+04
1.000000000000000000e+05
1.000000000000000000e+05
9.408800000000000000e+04
9.754900000000000000e+04
9.708500000000000000e+04
8.889200000000000000e+04
1.000000000000000000e+05
9.277100000000000000e+04
9.084600000000000000e+04
8.756200000000000000e+04
8.828100000000000000e+04
1.000000000000000000e+05
9.546300000000000000e+04
1.000000000000000000e+05
9.169800000000000000e+04
9.213400000000000000e+04
9.074500000000000000e+04
9.271500000000000000e+04
9.385000000000000000e+04
9.347600000000000000e+04
8.578600000000000000e+04
9.227200000000000000e+04
8.965200000000000000e+04
9.389100000000000000e+04
8.090600000000000000e+04
9.133900000000000000e+04
8.721800000000000000e+04
8.081900000000000000e+04
9.466700000000000000e+04
9.359700000000000000e+04
1.000000000000000000e+05
9.547800000000000000e+04
8.873800000000000000e+04
8.913100000000000000e+04
8.468600000000000000e+04
8.540400000000000000e+04
7.779300000000000000e+04
8.295400000000000000e+04
9.207400000000000000e+04
8.253900000000000000e+04
7.982600000000000000e+04
1.000000000000000000e+05
9.380600000000000000e+04
1.000000000000000000e+05
9.158800000000000000e+04
8.684700000000000000e+04
9.230300000000000000e+04
9.284100000000000000e+04
1.000000000000000000e+05
9.142000000000000000e+04
9.181100000000000000e+04
9.333200000000000000e+04
1.000000000000000000e+05
9.812800000000000000e+04
8.587700000000000000e+04
8.111700000000000000e+04
8.462900000000000000e+04
8.015300000000000000e+04
8.332400000000000000e+04
9.406900000000000000e+04
9.856700000000000000e+04
9.362200000000000000e+04
1.000000000000000000e+05
9.217900000000000000e+04
8.940000000000000000e+04
8.804500000000000000e+04
9.557500000000000000e+04
1.000000000000000000e+05
9.775600000000000000e+04
1.000000000000000000e+05
8.711600000000000000e+04
8.744100000000000000e+04
9.192900000000000000e+04
9.080000000000000000e+04
8.957300000000000000e+04
1.000000000000000000e+05
9.340300000000000000e+04
8.053700000000000000e+04
8.278200000000000000e+04
9.452700000000000000e+04
8.019400000000000000e+04
8.838800000000000000e+04
8.913700000000000000e+04
8.913200000000000000e+04
9.923200000000000000e+04
7.886700000000000000e+04
9.096500000000000000e+04
9.170100000000000000e+04
9.416100000000000000e+04
8.799900000000000000e+04
1.000000000000000000e+05
8.710800000000000000e+04
9.386000000000000000e+04
8.433700000000000000e+04
9.233400000000000000e+04
9.353200000000000000e+04
8.551600000000000000e+04
8.824300000000000000e+04
9.319600000000000000e+04
8.707900000000000000e+04
8.485400000000000000e+04
8.712900000000000000e+04
9.033500000000000000e+04
9.146900000000000000e+04
8.316300000000000000e+04
1.000000000000000000e+05
9.740100000000000000e+04
9.265800000000000000e+04
1.000000000000000000e+05
8.640800000000000000e+04
9.182200000000000000e+04
8.825700000000000000e+04
9.625000000000000000e+04
9.218200000000000000e+04
9.328800000000000000e+04
8.636600000000000000e+04
9.907400000000000000e+04
8.110700000000000000e+04
9.321800000000000000e+04
9.539500000000000000e+04
1.000000000000000000e+05
9.972300000000000000e+04
9.847200000000000000e+04
