3.700200000000000000e+04
3.749400000000000000e+04
4.159100000000000000e+04
3.991700000000000000e+04
3.923700000000000000e+04
3.711800000000000000e+04
4.384300000000000000e+04
3.917100000000000000e+04
4.105800000000000000e+04
4.785900000000000000e+04
4.261900000000000000e+04
5.053900000000000000e+04
4.993200000000000000e+04
5.193000000000000000e+04
3.438100000000000000e+04
3.610900000000000000e+04
4.030700000000000000e+04
3.878700000000000000e+04
3.933600000000000000e+04
4.210800000000000000e+04
4.985200000000000000e+04
4.032000000000000000e+04
4.209500000000000000e+04
4.063300000000000000e+04
4.777100000000000000e+04
4.090700000000000000e+04
4.426000000000000000e+04
4.762200000000000000e+04
3.740700000000000000e+04
4.076100000000000000e+04
4.501500000000000000e+04
3.757500000000000000e+04
4.312900000000000000e+04
3.679400000000000000e+04
4.418800000000000000e+04
3.760700000000000000e+04
4.506600000000000000e+04
4.683400000000000000e+04
4.486500000000000000e+04
4.123400000000000000e+04
3.705500000000000000e+04
4.409300000000000000e+04
4.772400000000000000e+04
4.906500000000000000e+04
4.913400000000000000e+04
4.525500000000000000e+04
3.896600000000000000e+04
4.396100000000000000e+04
4.439700000000000000e+04
3.760100000000000000e+04
4.447900000000000000e+04
4.878200000000000000e+04
4.124800000000000000e+04
4.484000000000000000e+04
4.295700000000000000e+04
4.198000000000000000e+04
3.509900000000000000e+04
4.066800000000000000e+04
3.924100000000000000e+04
4.054800000000000000e+04
4.729800000000000000e+04
4.194500000000000000e+04
4.479100000000000000e+04
3.970200000000000000e+04
4.572300000000000000e+04
4.234900000000000000e+04
4.390000000000000000e+04
4.180700000000000000e+04
4.130700000000000000e+04
3.324500000000000000e+04
3.905000000000000000e+04
4.492400000000000000e+04
4.042500000000000000e+04
4.031000000000000000e+04
4.194800000000000000e+04
3.819500000000000000e+04
4.544800000000000000e+04
4.483800000000000000e+04
3.446500000000000000e+04
4.024500000000000000e+04
4.228200000000000000e+04
4.568600000000000000e+04
4.265700000000000000e+04
4.663200000000000000e+04
4.194800000000000000e+04
3.988200000000000000e+04
4.066100000000000000e+04
4.714300000000000000e+04
4.934600000000000000e+04
4.534400000000000000e+04
4.238500000000000000e+04
4.099500000000000000e+04
4.402400000000000000e+04
4.149900000000000000e+04
3.523400000000000000e+04
4.544900000000000000e+04
3.650600000000000000e+04
4.007900000000000000e+04
3.830000000000000000e+04
4.189700000000000000e+04
4.354400000000000000e+04
4.285600000000000000e+04
4.519400000000000000e+04
4.915400000000000000e+04
4.295300000000000000e+04
3.862000000000000000e+04
3.867500000000000000e+04
4.651900000000000000e+04
4.899100000000000000e+04
3.778800000000000000e+04
4.608800000000000000e+04
4.605800000000000000e+04
3.892100000000000000e+04
4.079100000000000000e+04
3.764900000000000000e+04
3.479200000000000000e+04
5.012400000000000000e+04
4.366300000000000000e+04
4.537600000000000000e+04
5.612400000000000000e+04
4.737800000000000000e+04
4.260000000000000000e+04
3.696500000000000000e+04
3.964900000000000000e+04
3.885300000000000000e+04
4.389700000000000000e+04
4.252000000000000000e+04
4.213400000000000000e+04
4.737500000000000000e+04
3.703300000000000000e+04
3.915100000000000000e+04
3.312800000000000000e+04
3.783700000000000000e+04
4.194400000000000000e+04
4.898900000000000000e+04
3.600200000000000000e+04
3.866100000000000000e+04
3.473500000000000000e+04
4.845900000000000000e+04
4.914600000000000000e+04
4.458400000000000000e+04
4.477000000000000000e+04
4.378400000000000000e+04
5.405200000000000000e+04
3.887900000000000000e+04
4.498300000000000000e+04
4.500900000000000000e+04
3.983100000000000000e+04
3.699000000000000000e+04
4.105700000000000000e+04
4.144500000000000000e+04
4.687800000000000000e+04
3.850100000000000000e+04
3.541400000000000000e+04
4.412900000000000000e+04
3.795000000000000000e+04
4.405700000000000000e+04
4.156200000000000000e+04
4.097900000000000000e+04
5.013900000000000000e+04
4.934300000000000000e+04
4.527600000000000000e+04
4.384200000000000000e+04
3.753700000000000000e+04
4.870300000000000000e+04
4.110800000000000000e+04
4.345300000000000000e+04
3.885200000000000000e+04
3.306700000000000000e+04
4.897500000000000000e+04
4.459000000000000000e+04
3.920900000000000000e+04
3.747000000000000000e+04
4.527600000000000000e+04
3.857600000000000000e+04
5.125400000000000000e+04
3.996900000000000000e+04
3.843400000000000000e+04
4.509500000000000000e+04
3.746700000000000000e+04
4.170900000000000000e+04
4.448100000000000000e+04
3.934100000000000000e+04
4.844300000000000000e+04
4.330600000000000000e+04
4.333400000000000000e+04
4.464100000000000000e+04
3.455000000000000000e+04
4.269800000000000000e+04
4.824800000000000000e+04
3.715500000000000000e+04
5.131200000000000000e+04
4.746100000000000000e+04
4.046500000000000000e+04
3.563500000000000000e+04
5.324500000000000000e+04
4.868500000000000000e+04
3.865700000000000000e+04
4.114600000000000000e+04
3.832500000000000000e+04
3.854500000000000000e+04
4.224600000000000000e+04
3.800300000000000000e+04
5.219100000000000000e+04
3.701700000000000000e+04
4.481200000000000000e+04
3.475900000000000000e+04
4.301000000000000000e+04
4.245100000000000000e+04
4.812700000000000000e+04
4.143200000000000000e+04
4.025400000000000000e+04
4.865100000000000000e+04
3.603000000000000000e+04
3.974700000000000000e+04
4.180100000000000000e+04
3.852000000000000000e+04
3.718100000000000000e+04
4.106700000000000000e+04
4.527800000000000000e+04
4.162800000000000000e+04
3.847600000000000000e+04
3.766700000000000000e+04
4.049900000000000000e+04
3.514000000000000000e+04
3.870600000000000000e+04
4.072500000000000000e+04
4.499400000000000000e+04
4.576100000000000000e+04
4.204900000000000000e+04
5.513500000000000000e+04
3.795700000000000000e+04
4.250100000000000000e+04
3.732900000000000000e+04
4.112000000000000000e+04
4.296700000000000000e+04
3.748800000000000000e+04
3.511700000000000000e+04
4.379900000000000000e+04
5.125800000000000000e+04
4.682500000000000000e+04
3.729000000000000000e+04
4.149800000000000000e+04
4.481500000000000000e+04
4.789100000000000000e+04
4.148600000000000000e+04
4.105400000000000000e+04
3.998200000000000000e+04
4.010100000000000000e+04
3.399100000000000000e+04
3.425600000000000000e+04
3.531400000000000000e+04
4.841500000000000000e+04
4.182600000000000000e+04
4.329300000000000000e+04
4.198600000000000000e+04
4.108200000000000000e+04
4.050500000000000000e+04
4.045600000000000000e+04
4.627800000000000000e+04
4.428200000000000000e+04
4.268100000000000000e+04
3.804300000000000000e+04
4.343700000000000000e+04
3.601000000000000000e+04
4.480500000000000000e+04
4.412700000000000000e+04
3.971300000000000000e+04
4.686300000000000000e+04
3.420400000000000000e+04
5.401900000000000000e+04
4.117700000000000000e+04
4.357300000000000000e+04
4.374800000000000000e+04
4.855000000000000000e+04
4.714600000000000000e+04
4.112300000000000000e+04
3.630400000000000000e+04
4.910600000000000000e+04
4.905600000000000000e+04
5.035000000000000000e+04
3.873200000000000000e+04
4.476600000000000000e+04
4.856700000000000000e+04
4.517700000000000000e+04
4.362000000000000000e+04
4.370800000000000000e+04
4.365800000000000000e+04
4.177600000000000000e+04
4.751900000000000000e+04
4.514600000000000000e+04
4.392200000000000000e+04
4.248400000000000000e+04
4.907000000000000000e+04
3.563600000000000000e+04
4.017300000000000000e+04
4.569300000000000000e+04
4.808000000000000000e+04
5.119900000000000000e+04
4.538100000000000000e+04
4.234600000000000000e+04
4.430800000000000000e+04
4.410400000000000000e+04
4.858800000000000000e+04
4.522300000000000000e+04
3.495300000000000000e+04
4.323900000000000000e+04
4.592700000000000000e+04
4.919200000000000000e+04
3.823400000000000000e+04
4.192400000000000000e+04
3.897500000000000000e+04
5.231000000000000000e+04
4.397500000000000000e+04
4.460700000000000000e+04
4.275300000000000000e+04
3.726000000000000000e+04
4.704600000000000000e+04
4.031400000000000000e+04
4.249900000000000000e+04
4.603300000000000000e+04
4.433600000000000000e+04
3.686800000000000000e+04
4.121400000000000000e+04
4.412000000000000000e+04
4.289900000000000000e+04
4.543900000000000000e+04
4.239300000000000000e+04
5.470200000000000000e+04
3.911200000000000000e+04
4.623000000000000000e+04
4.449400000000000000e+04
4.852600000000000000e+04
4.116800000000000000e+04
4.106500000000000000e+04
3.806100000000000000e+04
4.570600000000000000e+04
4.467900000000000000e+04
5.065300000000000000e+04
4.759400000000000000e+04
4.921000000000000000e+04
5.116500000000000000e+04
4.396100000000000000e+04
4.321600000000000000e+04
4.783600000000000000e+04
4.759700000000000000e+04
4.929600000000000000e+04
5.320600000000000000e+04
4.623900000000000000e+04
5.528300000000000000e+04
5.266100000000000000e+04
4.094800000000000000e+04
4.894700000000000000e+04
4.964400000000000000e+04
4.500200000000000000e+04
3.960900000000000000e+04
3.911200000000000000e+04
5.291500000000000000e+04
4.682800000000000000e+04
4.684100000000000000e+04
4.115400000000000000e+04
3.219200000000000000e+04
3.823500000000000000e+04
3.900200000000000000e+04
4.220800000000000000e+04
4.855900000000000000e+04
4.306100000000000000e+04
4.447000000000000000e+04
3.909800000000000000e+04
4.008900000000000000e+04
4.164300000000000000e+04
3.787200000000000000e+04
4.402200000000000000e+04
3.688900000000000000e+04
4.248200000000000000e+04
4.641900000000000000e+04
3.575000000000000000e+04
3.977500000000000000e+04
5.617400000000000000e+04
4.342000000000000000e+04
3.758400000000000000e+04
3.851300000000000000e+04
4.190100000000000000e+04
4.740700000000000000e+04
5.038100000000000000e+04
4.276800000000000000e+04
5.034800000000000000e+04
4.612200000000000000e+04
5.039500000000000000e+04
3.444800000000000000e+04
4.201300000000000000e+04
4.417000000000000000e+04
4.470500000000000000e+04
3.671900000000000000e+04
4.626000000000000000e+04
3.732400000000000000e+04
4.081100000000000000e+04
5.245800000000000000e+04
4.591400000000000000e+04
4.570800000000000000e+04
3.899400000000000000e+04
3.862300000000000000e+04
4.353600000000000000e+04
3.781900000000000000e+04
4.907600000000000000e+04
4.358200000000000000e+04
4.603100000000000000e+04
3.894700000000000000e+04
4.808800000000000000e+04
4.015700000000000000e+04
4.797100000000000000e+04
4.072700000000000000e+04
3.744000000000000000e+04
4.239200000000000000e+04
3.977700000000000000e+04
3.798300000000000000e+04
3.958600000000000000e+04
4.030800000000000000e+04
3.850200000000000000e+04
4.380100000000000000e+04
4.595000000000000000e+04
5.039200000000000000e+04
3.759000000000000000e+04
4.366000000000000000e+04
3.848500000000000000e+04
4.042500000000000000e+04
3.744700000000000000e+04
4.153900000000000000e+04
4.208200000000000000e+04
4.577300000000000000e+04
3.799400000000000000e+04
4.647900000000000000e+04
4.933800000000000000e+04
3.537100000000000000e+04
3.944700000000000000e+04
5.185100000000000000e+04
3.984900000000000000e+04
4.002300000000000000e+04
3.466100000000000000e+04
4.425600000000000000e+04
4.076000000000000000e+04
3.909700000000000000e+04
4.472700000000000000e+04
3.883200000000000000e+04
3.167600000000000000e+04
3.820100000000000000e+04
4.124500000000000000e+04
4.107300000000000000e+04
3.447700000000000000e+04
3.726500000000000000e+04
4.065000000000000000e+04
3.323500000000000000e+04
4.646000000000000000e+04
4.742200000000000000e+04
4.333700000000000000e+04
4.849600000000000000e+04
3.969500000000000000e+04
4.497800000000000000e+04
4.516100000000000000e+04
4.726600000000000000e+04
4.129100000000000000e+04
3.594100000000000000e+04
4.465100000000000000e+04
4.643000000000000000e+04
4.272100000000000000e+04
4.024600000000000000e+04
4.190500000000000000e+04
3.656500000000000000e+04
3.826600000000000000e+04
3.988000000000000000e+04
4.710100000000000000e+04
3.923000000000000000e+04
3.767300000000000000e+04
4.337300000000000000e+04
4.629500000000000000e+04
4.216200000000000000e+04
5.154200000000000000e+04
4.286400000000000000e+04
3.549500000000000000e+04
3.551200000000000000e+04
4.362000000000000000e+04
4.681000000000000000e+04
4.808300000000000000e+04
3.919400000000000000e+04
4.112900000000000000e+04
5.035600000000000000e+04
3.462000000000000000e+04
4.185100000000000000e+04
4.779900000000000000e+04
4.093100000000000000e+04
3.945700000000000000e+04
4.714400000000000000e+04
3.998800000000000000e+04
3.685900000000000000e+04
4.529500000000000000e+04
4.063900000000000000e+04
3.572300000000000000e+04
3.859400000000000000e+04
4.348700000000000000e+04
3.687500000000000000e+04
3.958000000000000000e+04
4.748200000000000000e+04
4.335400000000000000e+04
5.291000000000000000e+04
3.738400000000000000e+04
3.993800000000000000e+04
4.587500000000000000e+04
5.311500000000000000e+04
4.785400000000000000e+04
3.567500000000000000e+04
3.494900000000000000e+04
4.353600000000000000e+04
3.882800000000000000e+04
4.222100000000000000e+04
3.661100000000000000e+04
4.014400000000000000e+04
4.374800000000000000e+04
3.722000000000000000e+04
3.993700000000000000e+04
3.863800000000000000e+04
3.911500000000000000e+04
4.163400000000000000e+04
4.565600000000000000e+04
5.045200000000000000e+04
4.391700000000000000e+04
4.177700000000000000e+04
4.415000000000000000e+04
4.752500000000000000e+04
4.107400000000000000e+04
4.420600000000000000e+04
5.273200000000000000e+04
4.600300000000000000e+04
3.617000000000000000e+04
5.218700000000000000e+04
3.924200000000000000e+04
4.067100000000000000e+04
5.276400000000000000e+04
4.436300000000000000e+04
4.420500000000000000e+04
4.429400000000000000e+04
4.265600000000000000e+04
3.940100000000000000e+04
4.177400000000000000e+04
4.652100000000000000e+04
4.318800000000000000e+04
5.097900000000000000e+04
4.353600000000000000e+04
4.626500000000000000e+04
4.181400000000000000e+04
3.741100000000000000e+04
4.762700000000000000e+04
4.018900000000000000e+04
4.427600000000000000e+04
4.556000000000000000e+04
3.531600000000000000e+04
3.675500000000000000e+04
3.577600000000000000e+04
4.008600000000000000e+04
4.481300000000000000e+04
4.344500000000000000e+04
4.190300000000000000e+04
3.904600000000000000e+04
4.440000000000000000e+04
3.713400000000000000e+04
5.033200000000000000e+04
4.815900000000000000e+04
5.189500000000000000e+04
3.583800000000000000e+04
4.499100000000000000e+04
5.524200000000000000e+04
4.047300000000000000e+04
3.783100000000000000e+04
4.496000000000000000e+04
4.506300000000000000e+04
4.414100000000000000e+04
4.053800000000000000e+04
3.463900000000000000e+04
3.794700000000000000e+04
4.292000000000000000e+04
4.347200000000000000e+04
3.644800000000000000e+04
4.761600000000000000e+04
4.404700000000000000e+04
4.470000000000000000e+04
4.372200000000000000e+04
4.375400000000000000e+04
4.003900000000000000e+04
4.197900000000000000e+04
3.946000000000000000e+04
4.760900000000000000e+04
4.232000000000000000e+04
4.020300000000000000e+04
3.990300000000000000e+04
3.984700000000000000e+04
4.912200000000000000e+04
3.885500000000000000e+04
4.066800000000000000e+04
4.829200000000000000e+04
4.389000000000000000e+04
3.235400000000000000e+04
3.897600000000000000e+04
4.315900000000000000e+04
4.788700000000000000e+04
4.666400000000000000e+04
4.541400000000000000e+04
4.989100000000000000e+04
4.424000000000000000e+04
3.996300000000000000e+04
4.268400000000000000e+04
4.185900000000000000e+04
4.759300000000000000e+04
4.621400000000000000e+04
4.047000000000000000e+04
4.399800000000000000e+04
3.857600000000000000e+04
4.193500000000000000e+04
4.303700000000000000e+04
3.691400000000000000e+04
4.218100000000000000e+04
3.982100000000000000e+04
4.736300000000000000e+04
5.212500000000000000e+04
4.187000000000000000e+04
4.480000000000000000e+04
4.853500000000000000e+04
4.765400000000000000e+04
4.483300000000000000e+04
4.152700000000000000e+04
4.531800000000000000e+04
4.476900000000000000e+04
5.418200000000000000e+04
4.237200000000000000e+04
4.394800000000000000e+04
3.473400000000000000e+04
3.750800000000000000e+04
4.037600000000000000e+04
5.047200000000000000e+04
3.672700000000000000e+04
5.027000000000000000e+04
4.525000000000000000e+04
3.985100000000000000e+04
4.570100000000000000e+04
3.690200000000000000e+04
4.585200000000000000e+04
4.360500000000000000e+04
4.310300000000000000e+04
4.713500000000000000e+04
3.909700000000000000e+04
4.312000000000000000e+04
3.672000000000000000e+04
4.615600000000000000e+04
5.051400000000000000e+04
4.428100000000000000e+04
4.279000000000000000e+04
3.968300000000000000e+04
5.082100000000000000e+04
4.276600000000000000e+04
4.216300000000000000e+04
3.727700000000000000e+04
4.759300000000000000e+04
4.363500000000000000e+04
3.384800000000000000e+04
3.846700000000000000e+04
3.458800000000000000e+04
4.318800000000000000e+04
4.164600000000000000e+04
4.262400000000000000e+04
4.222400000000000000e+04
3.911300000000000000e+04
3.700500000000000000e+04
4.245200000000000000e+04
4.828700000000000000e+04
4.192100000000000000e+04
4.093200000000000000e+04
4.203700000000000000e+04
4.140000000000000000e+04
4.266700000000000000e+04
4.273700000000000000e+04
4.625100000000000000e+04
4.230700000000000000e+04
3.910200000000000000e+04
3.622300000000000000e+04
4.112500000000000000e+04
4.978500000000000000e+04
4.448300000000000000e+04
4.596100000000000000e+04
3.397100000000000000e+04
4.219500000000000000e+04
3.881800000000000000e+04
4.490100000000000000e+04
4.805600000000000000e+04
5.023800000000000000e+04
4.059400000000000000e+04
3.866500000000000000e+04
4.179400000000000000e+04
3.827400000000000000e+04
3.910100000000000000e+04
4.818500000000000000e+04
4.331600000000000000e+04
4.569700000000000000e+04
4.160600000000000000e+04
5.528300000000000000e+04
3.200100000000000000e+04
5.505700000000000000e+04
4.026900000000000000e+04
4.104700000000000000e+04
3.825600000000000000e+04
4.585800000000000000e+04
3.315400000000000000e+04
4.239600000000000000e+04
2.934600000000000000e+04
4.494900000000000000e+04
4.052300000000000000e+04
3.967900000000000000e+04
5.312400000000000000e+04
4.081200000000000000e+04
3.650800000000000000e+04
3.697600000000000000e+04
4.083700000000000000e+04
4.599400000000000000e+04
4.313300000000000000e+04
4.316400000000000000e+04
5.499900000000000000e+04
4.238600000000000000e+04
4.303600000000000000e+04
4.078500000000000000e+04
4.411900000000000000e+04
4.525600000000000000e+04
3.390300000000000000e+04
4.412600000000000000e+04
4.147300000000000000e+04
3.824000000000000000e+04
3.552700000000000000e+04
4.305100000000000000e+04
3.500000000000000000e+04
4.404200000000000000e+04
4.533400000000000000e+04
3.997400000000000000e+04
4.905100000000000000e+04
3.933600000000000000e+04
4.837700000000000000e+04
4.632400000000000000e+04
4.398400000000000000e+04
4.129200000000000000e+04
4.262700000000000000e+04
4.356300000000000000e+04
4.845400000000000000e+04
4.140900000000000000e+04
3.898600000000000000e+04
4.881100000000000000e+04
4.073000000000000000e+04
4.480600000000000000e+04
4.546200000000000000e+04
5.240700000000000000e+04
4.412800000000000000e+04
4.298000000000000000e+04
4.563800000000000000e+04
3.949500000000000000e+04
4.136300000000000000e+04
4.386700000000000000e+04
3.977900000000000000e+04
4.632500000000000000e+04
4.265800000000000000e+04
3.719000000000000000e+04
4.447900000000000000e+04
4.592800000000000000e+04
4.604100000000000000e+04
4.571400000000000000e+04
4.504000000000000000e+04
3.132700000000000000e+04
4.641800000000000000e+04
4.943700000000000000e+04
3.082800000000000000e+04
3.812100000000000000e+04
4.265100000000000000e+04
3.922300000000000000e+04
3.526400000000000000e+04
4.324800000000000000e+04
4.083500000000000000e+04
3.733100000000000000e+04
4.505100000000000000e+04
4.663600000000000000e+04
3.870500000000000000e+04
3.739300000000000000e+04
3.954600000000000000e+04
3.724400000000000000e+04
4.311900000000000000e+04
4.444800000000000000e+04
5.025700000000000000e+04
4.989800000000000000e+04
4.442700000000000000e+04
3.435900000000000000e+04
4.370000000000000000e+04
4.132600000000000000e+04
4.103900000000000000e+04
4.042500000000000000e+04
4.673300000000000000e+04
4.595800000000000000e+04
4.455600000000000000e+04
4.261700000000000000e+04
4.484500000000000000e+04
3.192200000000000000e+04
5.040200000000000000e+04
4.375800000000000000e+04
4.402000000000000000e+04
4.277300000000000000e+04
3.916200000000000000e+04
4.175400000000000000e+04
4.258900000000000000e+04
3.249500000000000000e+04
4.443400000000000000e+04
4.283000000000000000e+04
4.949200000000000000e+04
3.800700000000000000e+04
4.827700000000000000e+04
5.003900000000000000e+04
3.763500000000000000e+04
3.964600000000000000e+04
4.350700000000000000e+04
4.505600000000000000e+04
3.634000000000000000e+04
4.802000000000000000e+04
4.987800000000000000e+04
4.181400000000000000e+04
4.067400000000000000e+04
3.473100000000000000e+04
4.306500000000000000e+04
4.282400000000000000e+04
4.464600000000000000e+04
4.365200000000000000e+04
4.097400000000000000e+04
4.499400000000000000e+04
4.681300000000000000e+04
3.539100000000000000e+04
4.017000000000000000e+04
4.260200000000000000e+04
4.870900000000000000e+04
4.403300000000000000e+04
5.573100000000000000e+04
4.044900000000000000e+04
3.752100000000000000e+04
4.092800000000000000e+04
5.414000000000000000e+04
4.925000000000000000e+04
4.140500000000000000e+04
4.924500000000000000e+04
4.779800000000000000e+04
4.483200000000000000e+04
3.595500000000000000e+04
4.156400000000000000e+04
4.339500000000000000e+04
4.245800000000000000e+04
3.668700000000000000e+04
4.525800000000000000e+04
3.815700000000000000e+04
3.320800000000000000e+04
4.050700000000000000e+04
3.800300000000000000e+04
4.122600000000000000e+04
4.460700000000000000e+04
4.003800000000000000e+04
4.704900000000000000e+04
4.329300000000000000e+04
4.724500000000000000e+04
4.348400000000000000e+04
4.293400000000000000e+04
4.985600000000000000e+04
3.591000000000000000e+04
4.999200000000000000e+04
3.982900000000000000e+04
4.544200000000000000e+04
4.534300000000000000e+04
5.200000000000000000e+04
4.556400000000000000e+04
4.854500000000000000e+04
3.970200000000000000e+04
4.428500000000000000e+04
4.453400000000000000e+04
3.758800000000000000e+04
3.614100000000000000e+04
3.920600000000000000e+04
5.478800000000000000e+04
4.996200000000000000e+04
3.858400000000000000e+04
4.157000000000000000e+04
3.371700000000000000e+04
4.788900000000000000e+04
4.574900000000000000e+04
3.769400000000000000e+04
3.694400000000000000e+04
4.752500000000000000e+04
4.916200000000000000e+04
4.097500000000000000e+04
4.009700000000000000e+04
3.939300000000000000e+04
5.181600000000000000e+04
3.998300000000000000e+04
4.408100000000000000e+04
4.352800000000000000e+04
3.864300000000000000e+04
3.615400000000000000e+04
5.238700000000000000e+04
3.895200000000000000e+04
3.793100000000000000e+04
3.989500000000000000e+04
4.409500000000000000e+04
4.468000000000000000e+04
4.303900000000000000e+04
4.174800000000000000e+04
4.610900000000000000e+04
4.351100000000000000e+04
4.332500000000000000e+04
4.626700000000000000e+04
4.250900000000000000e+04
4.186700000000000000e+04
4.589600000000000000e+04
4.332000000000000000e+04
3.973200000000000000e+04
4.010900000000000000e+04
3.816800000000000000e+04
4.591900000000000000e+04
3.351500000000000000e+04
3.924900000000000000e+04
4.658300000000000000e+04
4.377800000000000000e+04
4.262000000000000000e+04
4.072600000000000000e+04
4.062600000000000000e+04
4.189000000000000000e+04
4.446000000000000000e+04
4.316400000000000000e+04
4.948200000000000000e+04
3.904700000000000000e+04
4.878600000000000000e+04
4.078000000000000000e+04
5.157600000000000000e+04
4.854900000000000000e+04
4.085100000000000000e+04
3.278800000000000000e+04
3.794000000000000000e+04
4.142900000000000000e+04
4.789400000000000000e+04
3.859400000000000000e+04
4.924600000000000000e+04
5.130900000000000000e+04
4.308100000000000000e+04
3.935900000000000000e+04
4.351100000000000000e+04
4.126900000000000000e+04
3.848300000000000000e+04
4.571700000000000000e+04
5.165500000000000000e+04
4.145700000000000000e+04
3.462600000000000000e+04
4.827100000000000000e+04
3.683300000000000000e+04
4.617900000000000000e+04
4.496900000000000000e+04
4.283300000000000000e+04
3.551800000000000000e+04
4.689100000000000000e+04
3.483100000000000000e+04
5.201700000000000000e+04
4.972700000000000000e+04
4.022800000000000000e+04
4.328100000000000000e+04
4.793900000000000000e+04
3.776300000000000000e+04
4.108300000000000000e+04
4.042000000000000000e+04
4.854500000000000000e+04
4.316000000000000000e+04
4.094900000000000000e+04
5.236300000000000000e+04
4.133000000000000000e+04
3.899700000000000000e+04
5.176700000000000000e+04
4.286700000000000000e+04
4.783600000000000000e+04
3.584300000000000000e+04
4.338100000000000000e+04
4.621500000000000000e+04
4.129900000000000000e+04
4.810200000000000000e+04
4.199900000000000000e+04
4.369400000000000000e+04
3.427900000000000000e+04
4.239500000000000000e+04
4.284600000000000000e+04
5.237500000000000000e+04
5.135400000000000000e+04
4.180300000000000000e+04
3.726300000000000000e+04
4.547100000000000000e+04
3.079900000000000000e+04
4.148300000000000000e+04
4.118600000000000000e+04
4.352000000000000000e+04
4.276900000000000000e+04
4.522900000000000000e+04
