2.643000000000000000e+03
3.602000000000000000e+03
3.261000000000000000e+03
3.360000000000000000e+03
2.896000000000000000e+03
3.495000000000000000e+03
3.896000000000000000e+03
3.388000000000000000e+03
3.744000000000000000e+03
3.853000000000000000e+03
4.079000000000000000e+03
3.994000000000000000e+03
2.671000000000000000e+03
4.312000000000000000e+03
4.354000000000000000e+03
4.284000000000000000e+03
3.833000000000000000e+03
4.236000000000000000e+03
3.493000000000000000e+03
3.961000000000000000e+03
4.576000000000000000e+03
4.888000000000000000e+03
4.772000000000000000e+03
3.582000000000000000e+03
3.960000000000000000e+03
4.660000000000000000e+03
4.685000000000000000e+03
4.974000000000000000e+03
4.949000000000000000e+03
4.164000000000000000e+03
4.817000000000000000e+03
5.022000000000000000e+03
2.902000000000000000e+03
4.052000000000000000e+03
4.879000000000000000e+03
3.402000000000000000e+03
4.676000000000000000e+03
5.162000000000000000e+03
3.834000000000000000e+03
4.101000000000000000e+03
4.687000000000000000e+03
5.074000000000000000e+03
5.546000000000000000e+03
4.719000000000000000e+03
3.461000000000000000e+03
3.194000000000000000e+03
3.652000000000000000e+03
4.077000000000000000e+03
4.462000000000000000e+03
4.334000000000000000e+03
4.267000000000000000e+03
4.196000000000000000e+03
4.033000000000000000e+03
4.945000000000000000e+03
4.617000000000000000e+03
4.262000000000000000e+03
5.266000000000000000e+03
3.654000000000000000e+03
4.979000000000000000e+03
4.005000000000000000e+03
6.848000000000000000e+03
4.860000000000000000e+03
3.544000000000000000e+03
3.770000000000000000e+03
2.393000000000000000e+03
4.376000000000000000e+03
4.365000000000000000e+03
5.332000000000000000e+03
3.624000000000000000e+03
5.941000000000000000e+03
5.405000000000000000e+03
3.832000000000000000e+03
3.468000000000000000e+03
3.979000000000000000e+03
3.923000000000000000e+03
3.632000000000000000e+03
4.328000000000000000e+03
3.166000000000000000e+03
4.127000000000000000e+03
4.157000000000000000e+03
4.181000000000000000e+03
4.145000000000000000e+03
4.459000000000000000e+03
5.991000000000000000e+03
3.896000000000000000e+03
3.877000000000000000e+03
4.214000000000000000e+03
3.802000000000000000e+03
4.104000000000000000e+03
2.941000000000000000e+03
3.273000000000000000e+03
4.900000000000000000e+03
4.876000000000000000e+03
4.416000000000000000e+03
4.508000000000000000e+03
4.228000000000000000e+03
4.922000000000000000e+03
4.509000000000000000e+03
3.971000000000000000e+03
3.627000000000000000e+03
4.332000000000000000e+03
4.671000000000000000e+03
3.687000000000000000e+03
4.245000000000000000e+03
4.146000000000000000e+03
4.721000000000000000e+03
6.400000000000000000e+03
4.181000000000000000e+03
5.705000000000000000e+03
4.414000000000000000e+03
3.679000000000000000e+03
3.150000000000000000e+03
4.388000000000000000e+03
4.362000000000000000e+03
4.631000000000000000e+03
3.204000000000000000e+03
3.617000000000000000e+03
3.958000000000000000e+03
5.460000000000000000e+03
3.708000000000000000e+03
4.969000000000000000e+03
4.366000000000000000e+03
4.832000000000000000e+03
3.462000000000000000e+03
4.729000000000000000e+03
4.871000000000000000e+03
5.257000000000000000e+03
4.846000000000000000e+03
4.033000000000000000e+03
4.892000000000000000e+03
5.172000000000000000e+03
4.602000000000000000e+03
4.601000000000000000e+03
3.324000000000000000e+03
5.518000000000000000e+03
4.127000000000000000e+03
5.403000000000000000e+03
5.330000000000000000e+03
3.849000000000000000e+03
5.125000000000000000e+03
3.881000000000000000e+03
3.760000000000000000e+03
4.233000000000000000e+03
4.735000000000000000e+03
4.117000000000000000e+03
3.109000000000000000e+03
3.255000000000000000e+03
4.036000000000000000e+03
3.762000000000000000e+03
5.790000000000000000e+03
3.781000000000000000e+03
4.062000000000000000e+03
3.906000000000000000e+03
4.290000000000000000e+03
4.590000000000000000e+03
4.541000000000000000e+03
3.754000000000000000e+03
3.403000000000000000e+03
5.876000000000000000e+03
4.231000000000000000e+03
4.759000000000000000e+03
4.877000000000000000e+03
4.103000000000000000e+03
3.679000000000000000e+03
4.884000000000000000e+03
4.193000000000000000e+03
3.774000000000000000e+03
5.245000000000000000e+03
3.971000000000000000e+03
3.392000000000000000e+03
4.379000000000000000e+03
5.298000000000000000e+03
4.298000000000000000e+03
4.413000000000000000e+03
4.251000000000000000e+03
4.735000000000000000e+03
3.686000000000000000e+03
4.082000000000000000e+03
6.240000000000000000e+03
4.316000000000000000e+03
5.547000000000000000e+03
4.238000000000000000e+03
3.655000000000000000e+03
4.170000000000000000e+03
4.214000000000000000e+03
5.165000000000000000e+03
4.257000000000000000e+03
4.515000000000000000e+03
4.795000000000000000e+03
4.037000000000000000e+03
4.707000000000000000e+03
3.318000000000000000e+03
5.111000000000000000e+03
4.117000000000000000e+03
5.820000000000000000e+03
4.695000000000000000e+03
3.331000000000000000e+03
4.256000000000000000e+03
4.206000000000000000e+03
3.881000000000000000e+03
4.738000000000000000e+03
3.772000000000000000e+03
4.071000000000000000e+03
4.617000000000000000e+03
4.821000000000000000e+03
4.420000000000000000e+03
3.332000000000000000e+03
4.196000000000000000e+03
4.854000000000000000e+03
4.411000000000000000e+03
4.410000000000000000e+03
4.690000000000000000e+03
5.061000000000000000e+03
5.045000000000000000e+03
3.230000000000000000e+03
2.547000000000000000e+03
3.700000000000000000e+03
3.037000000000000000e+03
3.845000000000000000e+03
4.135000000000000000e+03
2.749000000000000000e+03
5.006000000000000000e+03
3.976000000000000000e+03
5.403000000000000000e+03
4.363000000000000000e+03
2.935000000000000000e+03
4.923000000000000000e+03
3.566000000000000000e+03
4.047000000000000000e+03
4.053000000000000000e+03
3.960000000000000000e+03
3.696000000000000000e+03
3.881000000000000000e+03
4.498000000000000000e+03
4.457000000000000000e+03
5.773000000000000000e+03
4.597000000000000000e+03
4.162000000000000000e+03
4.300000000000000000e+03
3.548000000000000000e+03
4.397000000000000000e+03
4.816000000000000000e+03
4.786000000000000000e+03
4.653000000000000000e+03
5.226000000000000000e+03
4.360000000000000000e+03
3.389000000000000000e+03
3.067000000000000000e+03
4.001000000000000000e+03
4.752000000000000000e+03
3.737000000000000000e+03
3.259000000000000000e+03
4.583000000000000000e+03
4.883000000000000000e+03
5.719000000000000000e+03
3.932000000000000000e+03
4.256000000000000000e+03
2.729000000000000000e+03
4.987000000000000000e+03
4.227000000000000000e+03
4.778000000000000000e+03
4.268000000000000000e+03
4.014000000000000000e+03
5.360000000000000000e+03
4.689000000000000000e+03
6.280000000000000000e+03
3.269000000000000000e+03
4.620000000000000000e+03
4.477000000000000000e+03
4.250000000000000000e+03
3.972000000000000000e+03
2.553000000000000000e+03
3.970000000000000000e+03
3.567000000000000000e+03
3.110000000000000000e+03
4.444000000000000000e+03
4.383000000000000000e+03
5.644000000000000000e+03
5.563000000000000000e+03
5.593000000000000000e+03
5.191000000000000000e+03
4.430000000000000000e+03
3.892000000000000000e+03
4.648000000000000000e+03
4.533000000000000000e+03
4.364000000000000000e+03
4.429000000000000000e+03
3.765000000000000000e+03
4.496000000000000000e+03
5.369000000000000000e+03
4.627000000000000000e+03
2.749000000000000000e+03
3.848000000000000000e+03
4.784000000000000000e+03
4.587000000000000000e+03
4.411000000000000000e+03
4.295000000000000000e+03
4.771000000000000000e+03
4.524000000000000000e+03
4.060000000000000000e+03
4.650000000000000000e+03
5.119000000000000000e+03
4.194000000000000000e+03
3.376000000000000000e+03
4.564000000000000000e+03
4.304000000000000000e+03
4.405000000000000000e+03
5.083000000000000000e+03
3.958000000000000000e+03
3.571000000000000000e+03
4.562000000000000000e+03
3.915000000000000000e+03
4.340000000000000000e+03
4.048000000000000000e+03
5.293000000000000000e+03
4.041000000000000000e+03
5.139000000000000000e+03
4.811000000000000000e+03
4.473000000000000000e+03
3.256000000000000000e+03
4.714000000000000000e+03
3.660000000000000000e+03
4.733000000000000000e+03
4.400000000000000000e+03
3.626000000000000000e+03
4.280000000000000000e+03
5.247000000000000000e+03
3.793000000000000000e+03
3.601000000000000000e+03
3.991000000000000000e+03
5.531000000000000000e+03
4.834000000000000000e+03
4.196000000000000000e+03
4.391000000000000000e+03
4.783000000000000000e+03
4.178000000000000000e+03
2.795000000000000000e+03
3.401000000000000000e+03
4.372000000000000000e+03
4.997000000000000000e+03
4.371000000000000000e+03
4.184000000000000000e+03
4.322000000000000000e+03
3.261000000000000000e+03
3.901000000000000000e+03
4.690000000000000000e+03
3.300000000000000000e+03
2.515000000000000000e+03
4.791000000000000000e+03
5.731000000000000000e+03
3.707000000000000000e+03
5.389000000000000000e+03
4.999000000000000000e+03
5.223000000000000000e+03
4.552000000000000000e+03
4.723000000000000000e+03
5.651000000000000000e+03
4.535000000000000000e+03
3.889000000000000000e+03
3.433000000000000000e+03
5.606000000000000000e+03
3.775000000000000000e+03
4.967000000000000000e+03
3.715000000000000000e+03
3.680000000000000000e+03
4.570000000000000000e+03
4.732000000000000000e+03
4.205000000000000000e+03
4.879000000000000000e+03
3.492000000000000000e+03
3.596000000000000000e+03
4.831000000000000000e+03
4.067000000000000000e+03
4.137000000000000000e+03
5.082000000000000000e+03
4.631000000000000000e+03
4.530000000000000000e+03
3.638000000000000000e+03
3.819000000000000000e+03
5.531000000000000000e+03
5.261000000000000000e+03
3.635000000000000000e+03
4.534000000000000000e+03
4.825000000000000000e+03
3.965000000000000000e+03
4.505000000000000000e+03
4.713000000000000000e+03
4.701000000000000000e+03
3.428000000000000000e+03
3.466000000000000000e+03
4.801000000000000000e+03
5.181000000000000000e+03
4.316000000000000000e+03
5.682000000000000000e+03
4.866000000000000000e+03
4.446000000000000000e+03
3.416000000000000000e+03
5.583000000000000000e+03
4.559000000000000000e+03
4.724000000000000000e+03
4.270000000000000000e+03
3.542000000000000000e+03
3.791000000000000000e+03
3.013000000000000000e+03
4.380000000000000000e+03
4.782000000000000000e+03
4.264000000000000000e+03
4.488000000000000000e+03
3.231000000000000000e+03
4.238000000000000000e+03
4.954000000000000000e+03
4.392000000000000000e+03
3.742000000000000000e+03
3.622000000000000000e+03
3.916000000000000000e+03
4.536000000000000000e+03
5.557000000000000000e+03
3.479000000000000000e+03
3.963000000000000000e+03
4.579000000000000000e+03
4.845000000000000000e+03
3.324000000000000000e+03
4.623000000000000000e+03
4.161000000000000000e+03
4.206000000000000000e+03
4.484000000000000000e+03
3.495000000000000000e+03
3.576000000000000000e+03
3.112000000000000000e+03
4.205000000000000000e+03
4.891000000000000000e+03
4.039000000000000000e+03
4.387000000000000000e+03
4.770000000000000000e+03
5.765000000000000000e+03
3.822000000000000000e+03
4.365000000000000000e+03
4.857000000000000000e+03
4.412000000000000000e+03
3.550000000000000000e+03
5.003000000000000000e+03
3.558000000000000000e+03
4.666000000000000000e+03
3.381000000000000000e+03
3.691000000000000000e+03
4.708000000000000000e+03
5.898000000000000000e+03
4.215000000000000000e+03
4.430000000000000000e+03
5.178000000000000000e+03
3.931000000000000000e+03
3.566000000000000000e+03
4.474000000000000000e+03
4.600000000000000000e+03
4.808000000000000000e+03
4.305000000000000000e+03
4.737000000000000000e+03
4.328000000000000000e+03
5.338000000000000000e+03
4.553000000000000000e+03
3.350000000000000000e+03
6.060000000000000000e+03
4.036000000000000000e+03
3.980000000000000000e+03
3.541000000000000000e+03
4.317000000000000000e+03
3.238000000000000000e+03
4.240000000000000000e+03
3.460000000000000000e+03
4.346000000000000000e+03
3.751000000000000000e+03
3.907000000000000000e+03
4.310000000000000000e+03
3.877000000000000000e+03
4.581000000000000000e+03
4.586000000000000000e+03
3.009000000000000000e+03
3.977000000000000000e+03
5.534000000000000000e+03
5.864000000000000000e+03
4.068000000000000000e+03
3.785000000000000000e+03
4.570000000000000000e+03
4.061000000000000000e+03
4.289000000000000000e+03
5.168000000000000000e+03
4.501000000000000000e+03
3.960000000000000000e+03
4.824000000000000000e+03
4.189000000000000000e+03
3.389000000000000000e+03
4.323000000000000000e+03
3.752000000000000000e+03
4.309000000000000000e+03
5.080000000000000000e+03
4.351000000000000000e+03
4.189000000000000000e+03
3.536000000000000000e+03
4.682000000000000000e+03
2.949000000000000000e+03
4.372000000000000000e+03
4.219000000000000000e+03
4.119000000000000000e+03
3.130000000000000000e+03
4.088000000000000000e+03
4.384000000000000000e+03
4.470000000000000000e+03
3.526000000000000000e+03
4.588000000000000000e+03
3.845000000000000000e+03
4.410000000000000000e+03
2.993000000000000000e+03
4.103000000000000000e+03
3.556000000000000000e+03
4.760000000000000000e+03
5.159000000000000000e+03
4.344000000000000000e+03
4.170000000000000000e+03
3.886000000000000000e+03
4.137000000000000000e+03
5.246000000000000000e+03
3.071000000000000000e+03
3.800000000000000000e+03
2.960000000000000000e+03
4.021000000000000000e+03
3.741000000000000000e+03
4.356000000000000000e+03
6.231000000000000000e+03
5.585000000000000000e+03
3.870000000000000000e+03
3.712000000000000000e+03
4.333000000000000000e+03
3.165000000000000000e+03
4.455000000000000000e+03
2.473000000000000000e+03
4.144000000000000000e+03
3.330000000000000000e+03
3.163000000000000000e+03
2.922000000000000000e+03
3.465000000000000000e+03
3.507000000000000000e+03
6.002000000000000000e+03
4.598000000000000000e+03
3.952000000000000000e+03
4.837000000000000000e+03
3.706000000000000000e+03
4.109000000000000000e+03
4.935000000000000000e+03
3.576000000000000000e+03
3.030000000000000000e+03
4.540000000000000000e+03
4.422000000000000000e+03
5.029000000000000000e+03
3.350000000000000000e+03
3.823000000000000000e+03
4.378000000000000000e+03
4.264000000000000000e+03
2.961000000000000000e+03
5.305000000000000000e+03
5.099000000000000000e+03
4.887000000000000000e+03
2.949000000000000000e+03
4.010000000000000000e+03
3.403000000000000000e+03
5.428000000000000000e+03
7.002000000000000000e+03
3.866000000000000000e+03
4.482000000000000000e+03
3.730000000000000000e+03
4.218000000000000000e+03
3.704000000000000000e+03
5.280000000000000000e+03
3.818000000000000000e+03
5.068000000000000000e+03
5.040000000000000000e+03
5.011000000000000000e+03
3.991000000000000000e+03
4.479000000000000000e+03
4.457000000000000000e+03
4.797000000000000000e+03
4.854000000000000000e+03
3.473000000000000000e+03
4.043000000000000000e+03
3.956000000000000000e+03
4.406000000000000000e+03
4.025000000000000000e+03
4.496000000000000000e+03
3.728000000000000000e+03
3.169000000000000000e+03
5.393000000000000000e+03
4.433000000000000000e+03
4.573000000000000000e+03
4.522000000000000000e+03
5.313000000000000000e+03
4.388000000000000000e+03
4.332000000000000000e+03
2.989000000000000000e+03
4.737000000000000000e+03
5.147000000000000000e+03
4.017000000000000000e+03
4.465000000000000000e+03
2.461000000000000000e+03
4.403000000000000000e+03
4.729000000000000000e+03
5.669000000000000000e+03
5.081000000000000000e+03
3.937000000000000000e+03
4.701000000000000000e+03
2.847000000000000000e+03
3.906000000000000000e+03
3.847000000000000000e+03
4.570000000000000000e+03
3.817000000000000000e+03
3.847000000000000000e+03
3.899000000000000000e+03
3.576000000000000000e+03
4.382000000000000000e+03
2.711000000000000000e+03
5.773000000000000000e+03
4.081000000000000000e+03
3.971000000000000000e+03
3.077000000000000000e+03
4.602000000000000000e+03
4.570000000000000000e+03
5.277000000000000000e+03
5.039000000000000000e+03
6.012000000000000000e+03
3.719000000000000000e+03
4.543000000000000000e+03
3.786000000000000000e+03
4.622000000000000000e+03
5.010000000000000000e+03
5.480000000000000000e+03
4.988000000000000000e+03
5.043000000000000000e+03
4.546000000000000000e+03
4.947000000000000000e+03
3.021000000000000000e+03
4.431000000000000000e+03
3.943000000000000000e+03
3.114000000000000000e+03
4.342000000000000000e+03
5.020000000000000000e+03
4.183000000000000000e+03
4.152000000000000000e+03
3.356000000000000000e+03
5.179000000000000000e+03
5.691000000000000000e+03
4.216000000000000000e+03
3.184000000000000000e+03
4.469000000000000000e+03
4.267000000000000000e+03
5.527000000000000000e+03
4.939000000000000000e+03
4.073000000000000000e+03
4.469000000000000000e+03
3.434000000000000000e+03
5.660000000000000000e+03
5.921000000000000000e+03
4.569000000000000000e+03
3.738000000000000000e+03
3.860000000000000000e+03
3.791000000000000000e+03
5.559000000000000000e+03
4.307000000000000000e+03
3.265000000000000000e+03
5.020000000000000000e+03
3.831000000000000000e+03
4.396000000000000000e+03
4.753000000000000000e+03
4.010000000000000000e+03
5.071000000000000000e+03
4.737000000000000000e+03
5.679000000000000000e+03
2.910000000000000000e+03
4.590000000000000000e+03
3.477000000000000000e+03
4.002000000000000000e+03
2.911000000000000000e+03
5.325000000000000000e+03
5.165000000000000000e+03
4.059000000000000000e+03
5.421000000000000000e+03
2.655000000000000000e+03
4.314000000000000000e+03
3.504000000000000000e+03
5.143000000000000000e+03
4.762000000000000000e+03
3.502000000000000000e+03
3.951000000000000000e+03
4.122000000000000000e+03
2.952000000000000000e+03
3.649000000000000000e+03
4.825000000000000000e+03
4.099000000000000000e+03
3.372000000000000000e+03
3.942000000000000000e+03
3.027000000000000000e+03
4.671000000000000000e+03
4.319000000000000000e+03
4.041000000000000000e+03
4.705000000000000000e+03
5.909000000000000000e+03
3.953000000000000000e+03
2.605000000000000000e+03
3.928000000000000000e+03
4.343000000000000000e+03
5.271000000000000000e+03
4.559000000000000000e+03
4.521000000000000000e+03
5.559000000000000000e+03
4.976000000000000000e+03
3.648000000000000000e+03
3.069000000000000000e+03
3.604000000000000000e+03
3.706000000000000000e+03
5.130000000000000000e+03
4.112000000000000000e+03
4.289000000000000000e+03
4.329000000000000000e+03
4.862000000000000000e+03
3.760000000000000000e+03
4.430000000000000000e+03
4.193000000000000000e+03
4.534000000000000000e+03
3.362000000000000000e+03
3.880000000000000000e+03
3.715000000000000000e+03
4.236000000000000000e+03
4.572000000000000000e+03
4.629000000000000000e+03
3.845000000000000000e+03
4.217000000000000000e+03
4.363000000000000000e+03
4.214000000000000000e+03
5.136000000000000000e+03
2.478000000000000000e+03
3.860000000000000000e+03
3.852000000000000000e+03
4.351000000000000000e+03
4.532000000000000000e+03
4.589000000000000000e+03
4.675000000000000000e+03
4.819000000000000000e+03
5.118000000000000000e+03
4.316000000000000000e+03
3.584000000000000000e+03
3.900000000000000000e+03
3.667000000000000000e+03
4.941000000000000000e+03
4.096000000000000000e+03
3.746000000000000000e+03
4.267000000000000000e+03
3.542000000000000000e+03
6.595000000000000000e+03
5.094000000000000000e+03
4.464000000000000000e+03
4.608000000000000000e+03
4.281000000000000000e+03
3.670000000000000000e+03
5.483000000000000000e+03
3.715000000000000000e+03
5.009000000000000000e+03
4.961000000000000000e+03
4.680000000000000000e+03
4.607000000000000000e+03
3.958000000000000000e+03
3.278000000000000000e+03
4.334000000000000000e+03
4.146000000000000000e+03
5.270000000000000000e+03
5.004000000000000000e+03
2.678000000000000000e+03
4.115000000000000000e+03
5.393000000000000000e+03
4.755000000000000000e+03
5.383000000000000000e+03
3.500000000000000000e+03
4.689000000000000000e+03
4.631000000000000000e+03
3.997000000000000000e+03
3.398000000000000000e+03
3.578000000000000000e+03
3.487000000000000000e+03
4.239000000000000000e+03
4.316000000000000000e+03
4.248000000000000000e+03
4.826000000000000000e+03
5.511000000000000000e+03
5.714000000000000000e+03
4.629000000000000000e+03
2.877000000000000000e+03
4.607000000000000000e+03
3.967000000000000000e+03
2.994000000000000000e+03
5.668000000000000000e+03
3.703000000000000000e+03
3.753000000000000000e+03
4.723000000000000000e+03
4.741000000000000000e+03
3.828000000000000000e+03
3.730000000000000000e+03
3.687000000000000000e+03
3.846000000000000000e+03
4.518000000000000000e+03
4.535000000000000000e+03
4.669000000000000000e+03
4.853000000000000000e+03
4.057000000000000000e+03
4.343000000000000000e+03
4.616000000000000000e+03
5.171000000000000000e+03
3.799000000000000000e+03
5.574000000000000000e+03
3.125000000000000000e+03
5.999000000000000000e+03
3.964000000000000000e+03
4.304000000000000000e+03
4.371000000000000000e+03
3.887000000000000000e+03
3.323000000000000000e+03
4.816000000000000000e+03
4.490000000000000000e+03
3.320000000000000000e+03
3.248000000000000000e+03
3.949000000000000000e+03
4.223000000000000000e+03
4.658000000000000000e+03
4.767000000000000000e+03
6.361000000000000000e+03
3.668000000000000000e+03
4.529000000000000000e+03
4.462000000000000000e+03
3.884000000000000000e+03
5.767000000000000000e+03
4.044000000000000000e+03
4.777000000000000000e+03
5.448000000000000000e+03
4.399000000000000000e+03
3.481000000000000000e+03
5.139000000000000000e+03
2.659000000000000000e+03
4.901000000000000000e+03
5.506000000000000000e+03
3.705000000000000000e+03
4.655000000000000000e+03
5.510000000000000000e+03
4.249000000000000000e+03
4.389000000000000000e+03
3.801000000000000000e+03
5.119000000000000000e+03
3.748000000000000000e+03
4.514000000000000000e+03
3.585000000000000000e+03
4.487000000000000000e+03
3.641000000000000000e+03
5.986000000000000000e+03
4.992000000000000000e+03
3.795000000000000000e+03
3.875000000000000000e+03
3.985000000000000000e+03
5.452000000000000000e+03
5.395000000000000000e+03
4.640000000000000000e+03
4.587000000000000000e+03
4.075000000000000000e+03
4.882000000000000000e+03
3.378000000000000000e+03
3.589000000000000000e+03
4.393000000000000000e+03
4.391000000000000000e+03
4.986000000000000000e+03
3.715000000000000000e+03
3.821000000000000000e+03
3.628000000000000000e+03
5.510000000000000000e+03
5.070000000000000000e+03
3.356000000000000000e+03
3.938000000000000000e+03
3.400000000000000000e+03
5.785000000000000000e+03
4.676000000000000000e+03
5.228000000000000000e+03
3.496000000000000000e+03
4.816000000000000000e+03
3.315000000000000000e+03
4.905000000000000000e+03
3.770000000000000000e+03
4.293000000000000000e+03
3.385000000000000000e+03
5.228000000000000000e+03
4.688000000000000000e+03
3.974000000000000000e+03
4.437000000000000000e+03
3.743000000000000000e+03
4.053000000000000000e+03
5.107000000000000000e+03
3.130000000000000000e+03
5.042000000000000000e+03
3.823000000000000000e+03
5.925000000000000000e+03
3.366000000000000000e+03
3.769000000000000000e+03
4.193000000000000000e+03
3.534000000000000000e+03
4.214000000000000000e+03
4.340000000000000000e+03
3.756000000000000000e+03
5.760000000000000000e+03
3.772000000000000000e+03
4.169000000000000000e+03
4.989000000000000000e+03
5.253000000000000000e+03
4.460000000000000000e+03
5.481000000000000000e+03
5.780000000000000000e+03
4.608000000000000000e+03
3.691000000000000000e+03
4.974000000000000000e+03
4.410000000000000000e+03
5.206000000000000000e+03
5.182000000000000000e+03
3.283000000000000000e+03
4.319000000000000000e+03
4.564000000000000000e+03
4.569000000000000000e+03
3.911000000000000000e+03
3.036000000000000000e+03
3.727000000000000000e+03
4.106000000000000000e+03
5.004000000000000000e+03
4.044000000000000000e+03
2.838000000000000000e+03
4.932000000000000000e+03
4.107000000000000000e+03
3.992000000000000000e+03
3.977000000000000000e+03
4.317000000000000000e+03
5.151000000000000000e+03
5.796000000000000000e+03
5.329000000000000000e+03
3.603000000000000000e+03
3.421000000000000000e+03
4.167000000000000000e+03
4.432000000000000000e+03
2.638000000000000000e+03
4.607000000000000000e+03
5.123000000000000000e+03
4.174000000000000000e+03
5.309000000000000000e+03
3.472000000000000000e+03
3.522000000000000000e+03
4.072000000000000000e+03
5.175000000000000000e+03
5.660000000000000000e+03
3.979000000000000000e+03
4.984000000000000000e+03
5.071000000000000000e+03
4.694000000000000000e+03
2.939000000000000000e+03
3.573000000000000000e+03
3.726000000000000000e+03
4.722000000000000000e+03
4.344000000000000000e+03
4.159000000000000000e+03
3.117000000000000000e+03
4.578000000000000000e+03
4.130000000000000000e+03
5.256000000000000000e+03
3.963000000000000000e+03
4.124000000000000000e+03
4.216000000000000000e+03
4.293000000000000000e+03
5.037000000000000000e+03
5.404000000000000000e+03
4.339000000000000000e+03
4.994000000000000000e+03
4.429000000000000000e+03
5.819000000000000000e+03
3.886000000000000000e+03
3.715000000000000000e+03
4.027000000000000000e+03
5.257000000000000000e+03
3.777000000000000000e+03
3.906000000000000000e+03
4.052000000000000000e+03
3.695000000000000000e+03
4.058000000000000000e+03
3.879000000000000000e+03
4.887000000000000000e+03
4.328000000000000000e+03
5.043000000000000000e+03
5.532000000000000000e+03
5.480000000000000000e+03
5.587000000000000000e+03
4.824000000000000000e+03
3.578000000000000000e+03
5.243000000000000000e+03
4.769000000000000000e+03
5.807000000000000000e+03
