1.229300000000000000e+04
1.656900000000000000e+04
1.636100000000000000e+04
1.527400000000000000e+04
1.690900000000000000e+04
1.770800000000000000e+04
1.788400000000000000e+04
1.805400000000000000e+04
1.712500000000000000e+04
1.725500000000000000e+04
1.837100000000000000e+04
1.889200000000000000e+04
1.852900000000000000e+04
1.912500000000000000e+04
1.889500000000000000e+04
1.956100000000000000e+04
2.010200000000000000e+04
2.054500000000000000e+04
2.131300000000000000e+04
2.167300000000000000e+04
1.944900000000000000e+04
2.015900000000000000e+04
1.921600000000000000e+04
2.040100000000000000e+04
2.181300000000000000e+04
2.122400000000000000e+04
2.181700000000000000e+04
2.195100000000000000e+04
2.167600000000000000e+04
1.974300000000000000e+04
2.210200000000000000e+04
2.192800000000000000e+04
2.230400000000000000e+04
2.329000000000000000e+04
2.342200000000000000e+04
2.126000000000000000e+04
2.396100000000000000e+04
2.339700000000000000e+04
2.281100000000000000e+04
2.289400000000000000e+04
2.432000000000000000e+04
2.419600000000000000e+04
2.481100000000000000e+04
2.162400000000000000e+04
2.158500000000000000e+04
2.355800000000000000e+04
2.158000000000000000e+04
2.526000000000000000e+04
2.510500000000000000e+04
2.430600000000000000e+04
2.361900000000000000e+04
2.610600000000000000e+04
2.500900000000000000e+04
2.288900000000000000e+04
2.429900000000000000e+04
2.267500000000000000e+04
2.638500000000000000e+04
2.604600000000000000e+04
2.137800000000000000e+04
2.569200000000000000e+04
2.516900000000000000e+04
2.462700000000000000e+04
2.448500000000000000e+04
2.642700000000000000e+04
2.648500000000000000e+04
2.439100000000000000e+04
2.614600000000000000e+04
2.674300000000000000e+04
2.568700000000000000e+04
2.752800000000000000e+04
2.592000000000000000e+04
2.660700000000000000e+04
2.543200000000000000e+04
2.885800000000000000e+04
2.749900000000000000e+04
2.853900000000000000e+04
2.786500000000000000e+04
2.840900000000000000e+04
2.957700000000000000e+04
2.395400000000000000e+04
2.918500000000000000e+04
2.715400000000000000e+04
2.783300000000000000e+04
3.129900000000000000e+04
2.935400000000000000e+04
1.334300000000000000e+04
2.939000000000000000e+04
3.208600000000000000e+04
3.084900000000000000e+04
3.161500000000000000e+04
3.054700000000000000e+04
3.238300000000000000e+04
2.736500000000000000e+04
3.545000000000000000e+04
3.407400000000000000e+04
2.191200000000000000e+04
1.387400000000000000e+04
1.721000000000000000e+04
1.303300000000000000e+04
3.649500000000000000e+04
2.054700000000000000e+04
1.628600000000000000e+04
1.609700000000000000e+04
1.775400000000000000e+04
2.213700000000000000e+04
1.978400000000000000e+04
2.055700000000000000e+04
2.068000000000000000e+04
3.241200000000000000e+04
2.378100000000000000e+04
2.047800000000000000e+04
1.737800000000000000e+04
1.921300000000000000e+04
2.292000000000000000e+04
2.386100000000000000e+04
2.135400000000000000e+04
2.641400000000000000e+04
1.818100000000000000e+04
2.193800000000000000e+04
2.521800000000000000e+04
2.540000000000000000e+04
1.442900000000000000e+04
2.197400000000000000e+04
2.920400000000000000e+04
2.207800000000000000e+04
1.894000000000000000e+04
2.129700000000000000e+04
2.835700000000000000e+04
2.208100000000000000e+04
2.631200000000000000e+04
2.980800000000000000e+04
2.243100000000000000e+04
1.883900000000000000e+04
2.006500000000000000e+04
2.001900000000000000e+04
2.026800000000000000e+04
2.321400000000000000e+04
2.058400000000000000e+04
2.276700000000000000e+04
2.509800000000000000e+04
1.799100000000000000e+04
2.515600000000000000e+04
2.121800000000000000e+04
2.284500000000000000e+04
2.109500000000000000e+04
2.129700000000000000e+04
1.813300000000000000e+04
2.496500000000000000e+04
2.245400000000000000e+04
2.815500000000000000e+04
2.714200000000000000e+04
2.427900000000000000e+04
2.816300000000000000e+04
2.344700000000000000e+04
2.993600000000000000e+04
2.515600000000000000e+04
2.618500000000000000e+04
3.361100000000000000e+04
2.302700000000000000e+04
2.265000000000000000e+04
2.588500000000000000e+04
2.689600000000000000e+04
1.811600000000000000e+04
2.499600000000000000e+04
3.250900000000000000e+04
2.217900000000000000e+04
2.120400000000000000e+04
2.147000000000000000e+04
2.728500000000000000e+04
2.845400000000000000e+04
2.636000000000000000e+04
2.598100000000000000e+04
3.369100000000000000e+04
2.004000000000000000e+04
2.467800000000000000e+04
2.951600000000000000e+04
2.070600000000000000e+04
3.024200000000000000e+04
2.062800000000000000e+04
3.177700000000000000e+04
2.704800000000000000e+04
2.886500000000000000e+04
2.167300000000000000e+04
3.054800000000000000e+04
2.243200000000000000e+04
2.711100000000000000e+04
2.170700000000000000e+04
3.319900000000000000e+04
2.188300000000000000e+04
2.288700000000000000e+04
2.824400000000000000e+04
2.215300000000000000e+04
2.830400000000000000e+04
2.393500000000000000e+04
3.623700000000000000e+04
2.398200000000000000e+04
2.197000000000000000e+04
2.512100000000000000e+04
1.697500000000000000e+04
3.776500000000000000e+04
1.982800000000000000e+04
1.880300000000000000e+04
1.848500000000000000e+04
2.036500000000000000e+04
1.895700000000000000e+04
3.961700000000000000e+04
2.108300000000000000e+04
2.181300000000000000e+04
1.893800000000000000e+04
2.554600000000000000e+04
2.614800000000000000e+04
2.549800000000000000e+04
1.773100000000000000e+04
2.459900000000000000e+04
2.133000000000000000e+04
3.259700000000000000e+04
2.544700000000000000e+04
1.740700000000000000e+04
2.529000000000000000e+04
1.857100000000000000e+04
2.236200000000000000e+04
2.793000000000000000e+04
2.609100000000000000e+04
2.282700000000000000e+04
2.304400000000000000e+04
2.931900000000000000e+04
1.642100000000000000e+04
1.951500000000000000e+04
2.376000000000000000e+04
2.711800000000000000e+04
2.076800000000000000e+04
2.389300000000000000e+04
1.918600000000000000e+04
2.294700000000000000e+04
2.264300000000000000e+04
3.024900000000000000e+04
2.265900000000000000e+04
2.301000000000000000e+04
2.470100000000000000e+04
3.060000000000000000e+04
2.499300000000000000e+04
1.570300000000000000e+04
3.356200000000000000e+04
2.438700000000000000e+04
2.572800000000000000e+04
2.976900000000000000e+04
1.904700000000000000e+04
2.094500000000000000e+04
2.219300000000000000e+04
3.562100000000000000e+04
2.994000000000000000e+04
3.392900000000000000e+04
2.323400000000000000e+04
2.926100000000000000e+04
2.635900000000000000e+04
2.519800000000000000e+04
2.763500000000000000e+04
2.854800000000000000e+04
1.461000000000000000e+04
2.268900000000000000e+04
2.789900000000000000e+04
1.686800000000000000e+04
2.292600000000000000e+04
2.458800000000000000e+04
2.762300000000000000e+04
3.572600000000000000e+04
2.041800000000000000e+04
2.486100000000000000e+04
3.145600000000000000e+04
2.469900000000000000e+04
3.093700000000000000e+04
2.216200000000000000e+04
2.662800000000000000e+04
2.803800000000000000e+04
2.292200000000000000e+04
1.987500000000000000e+04
3.617700000000000000e+04
2.690900000000000000e+04
2.956300000000000000e+04
2.196500000000000000e+04
2.197700000000000000e+04
3.164500000000000000e+04
2.551500000000000000e+04
2.883000000000000000e+04
2.079000000000000000e+04
1.979400000000000000e+04
2.937400000000000000e+04
2.234200000000000000e+04
2.493300000000000000e+04
2.477000000000000000e+04
1.966700000000000000e+04
2.246900000000000000e+04
1.854300000000000000e+04
2.362400000000000000e+04
1.271200000000000000e+04
1.886700000000000000e+04
3.330800000000000000e+04
2.669500000000000000e+04
1.853800000000000000e+04
2.144200000000000000e+04
2.205100000000000000e+04
2.458800000000000000e+04
2.116000000000000000e+04
3.143300000000000000e+04
2.120000000000000000e+04
2.553000000000000000e+04
2.731100000000000000e+04
2.388800000000000000e+04
2.793000000000000000e+04
2.052200000000000000e+04
2.931400000000000000e+04
2.350000000000000000e+04
2.852200000000000000e+04
2.218800000000000000e+04
2.639800000000000000e+04
1.958300000000000000e+04
2.381900000000000000e+04
2.325800000000000000e+04
3.494300000000000000e+04
2.063800000000000000e+04
1.558200000000000000e+04
2.480900000000000000e+04
3.091500000000000000e+04
3.088400000000000000e+04
2.108900000000000000e+04
2.139700000000000000e+04
1.891600000000000000e+04
2.195200000000000000e+04
2.689300000000000000e+04
1.631600000000000000e+04
2.574600000000000000e+04
2.546200000000000000e+04
1.981100000000000000e+04
1.913400000000000000e+04
1.659300000000000000e+04
1.921300000000000000e+04
2.608700000000000000e+04
1.780700000000000000e+04
2.592800000000000000e+04
2.487500000000000000e+04
2.337600000000000000e+04
1.719600000000000000e+04
1.950500000000000000e+04
2.559200000000000000e+04
1.306700000000000000e+04
3.781700000000000000e+04
2.435500000000000000e+04
2.044200000000000000e+04
3.121000000000000000e+04
1.556500000000000000e+04
2.361600000000000000e+04
2.643300000000000000e+04
2.938500000000000000e+04
2.526900000000000000e+04
2.277700000000000000e+04
2.468900000000000000e+04
2.527200000000000000e+04
2.824600000000000000e+04
1.894900000000000000e+04
3.384500000000000000e+04
1.976900000000000000e+04
2.903700000000000000e+04
2.468300000000000000e+04
2.641300000000000000e+04
1.950600000000000000e+04
3.433100000000000000e+04
2.608500000000000000e+04
3.265800000000000000e+04
1.282000000000000000e+04
3.080700000000000000e+04
2.631700000000000000e+04
2.505100000000000000e+04
2.924100000000000000e+04
2.888700000000000000e+04
2.364200000000000000e+04
1.884700000000000000e+04
1.913900000000000000e+04
1.924600000000000000e+04
3.090500000000000000e+04
2.295100000000000000e+04
2.121900000000000000e+04
1.780300000000000000e+04
2.679300000000000000e+04
2.485400000000000000e+04
2.943200000000000000e+04
1.636500000000000000e+04
2.558800000000000000e+04
3.119200000000000000e+04
2.088700000000000000e+04
2.033400000000000000e+04
2.560300000000000000e+04
3.872200000000000000e+04
2.310600000000000000e+04
2.821300000000000000e+04
2.312700000000000000e+04
3.499200000000000000e+04
1.871300000000000000e+04
2.167500000000000000e+04
1.548100000000000000e+04
2.830000000000000000e+04
2.097300000000000000e+04
1.743400000000000000e+04
2.372400000000000000e+04
2.097400000000000000e+04
1.805700000000000000e+04
1.697800000000000000e+04
3.281600000000000000e+04
1.938300000000000000e+04
2.341300000000000000e+04
2.419100000000000000e+04
3.181600000000000000e+04
2.077400000000000000e+04
2.442600000000000000e+04
1.566600000000000000e+04
3.299900000000000000e+04
3.101000000000000000e+04
2.250400000000000000e+04
3.201100000000000000e+04
1.878800000000000000e+04
1.745100000000000000e+04
2.701100000000000000e+04
2.441600000000000000e+04
2.077500000000000000e+04
2.360400000000000000e+04
2.367700000000000000e+04
2.557300000000000000e+04
2.086900000000000000e+04
2.243200000000000000e+04
1.229900000000000000e+04
2.650300000000000000e+04
2.577000000000000000e+04
2.389100000000000000e+04
2.037100000000000000e+04
1.981600000000000000e+04
2.472700000000000000e+04
1.928600000000000000e+04
2.294800000000000000e+04
2.793900000000000000e+04
2.236300000000000000e+04
1.985100000000000000e+04
2.145200000000000000e+04
2.602000000000000000e+04
3.047200000000000000e+04
1.799200000000000000e+04
1.856900000000000000e+04
2.149600000000000000e+04
2.351300000000000000e+04
2.135900000000000000e+04
3.037300000000000000e+04
2.162300000000000000e+04
2.451500000000000000e+04
2.693600000000000000e+04
2.825600000000000000e+04
2.784900000000000000e+04
1.901700000000000000e+04
3.304000000000000000e+04
2.155800000000000000e+04
1.976500000000000000e+04
2.619600000000000000e+04
2.470800000000000000e+04
1.718600000000000000e+04
2.565600000000000000e+04
2.928900000000000000e+04
2.104000000000000000e+04
3.025800000000000000e+04
2.338300000000000000e+04
2.251500000000000000e+04
2.739100000000000000e+04
1.774200000000000000e+04
2.990500000000000000e+04
3.240000000000000000e+04
2.682800000000000000e+04
3.663300000000000000e+04
1.974000000000000000e+04
2.039000000000000000e+04
2.920400000000000000e+04
2.635900000000000000e+04
2.468900000000000000e+04
2.626500000000000000e+04
3.301600000000000000e+04
1.359500000000000000e+04
1.856300000000000000e+04
3.014200000000000000e+04
3.627600000000000000e+04
1.740600000000000000e+04
2.077600000000000000e+04
2.099700000000000000e+04
2.978200000000000000e+04
2.182500000000000000e+04
1.616700000000000000e+04
2.248100000000000000e+04
2.576600000000000000e+04
1.594200000000000000e+04
3.101900000000000000e+04
2.166700000000000000e+04
2.855700000000000000e+04
2.185900000000000000e+04
2.498900000000000000e+04
2.497600000000000000e+04
1.887900000000000000e+04
1.664600000000000000e+04
2.152100000000000000e+04
3.252700000000000000e+04
2.527800000000000000e+04
2.074400000000000000e+04
2.586600000000000000e+04
2.637800000000000000e+04
2.388700000000000000e+04
1.943200000000000000e+04
3.756800000000000000e+04
2.143200000000000000e+04
1.817400000000000000e+04
2.056400000000000000e+04
2.887100000000000000e+04
2.593900000000000000e+04
2.167900000000000000e+04
2.016600000000000000e+04
1.692200000000000000e+04
2.949100000000000000e+04
2.694400000000000000e+04
2.506700000000000000e+04
2.948400000000000000e+04
2.040300000000000000e+04
2.221400000000000000e+04
3.018100000000000000e+04
1.908800000000000000e+04
2.801400000000000000e+04
1.521100000000000000e+04
2.460300000000000000e+04
2.757900000000000000e+04
2.718200000000000000e+04
2.250600000000000000e+04
1.834100000000000000e+04
3.094300000000000000e+04
2.072300000000000000e+04
3.042400000000000000e+04
2.644200000000000000e+04
2.785400000000000000e+04
2.048900000000000000e+04
2.613400000000000000e+04
2.863300000000000000e+04
1.997000000000000000e+04
2.372300000000000000e+04
2.025800000000000000e+04
2.447900000000000000e+04
3.295800000000000000e+04
2.951800000000000000e+04
2.372400000000000000e+04
2.077300000000000000e+04
2.707100000000000000e+04
2.162900000000000000e+04
2.311500000000000000e+04
2.739600000000000000e+04
2.556400000000000000e+04
2.384100000000000000e+04
2.673000000000000000e+04
3.183500000000000000e+04
2.708500000000000000e+04
2.662800000000000000e+04
1.806500000000000000e+04
2.909100000000000000e+04
2.773000000000000000e+04
1.945600000000000000e+04
2.275700000000000000e+04
1.959900000000000000e+04
2.611100000000000000e+04
2.780000000000000000e+04
1.881900000000000000e+04
2.177300000000000000e+04
1.754100000000000000e+04
2.383900000000000000e+04
2.239100000000000000e+04
2.550800000000000000e+04
2.332500000000000000e+04
2.004800000000000000e+04
1.962500000000000000e+04
2.599000000000000000e+04
2.315400000000000000e+04
2.583500000000000000e+04
2.501300000000000000e+04
3.522300000000000000e+04
3.024700000000000000e+04
2.718200000000000000e+04
2.255500000000000000e+04
2.007500000000000000e+04
2.952700000000000000e+04
2.026700000000000000e+04
1.199600000000000000e+04
1.949200000000000000e+04
1.761200000000000000e+04
2.369300000000000000e+04
2.003900000000000000e+04
4.249900000000000000e+04
2.312500000000000000e+04
2.996200000000000000e+04
2.776200000000000000e+04
2.577500000000000000e+04
2.779100000000000000e+04
2.222900000000000000e+04
3.106500000000000000e+04
2.215000000000000000e+04
2.527700000000000000e+04
2.886100000000000000e+04
2.633300000000000000e+04
1.561100000000000000e+04
2.451600000000000000e+04
2.280700000000000000e+04
2.653500000000000000e+04
2.699300000000000000e+04
3.013900000000000000e+04
1.467900000000000000e+04
2.864400000000000000e+04
2.185200000000000000e+04
2.174800000000000000e+04
3.127600000000000000e+04
2.480700000000000000e+04
1.625700000000000000e+04
2.102200000000000000e+04
1.773800000000000000e+04
1.755400000000000000e+04
2.603000000000000000e+04
2.192300000000000000e+04
2.367100000000000000e+04
2.668100000000000000e+04
2.876500000000000000e+04
2.541200000000000000e+04
1.961300000000000000e+04
2.474800000000000000e+04
2.597500000000000000e+04
2.250900000000000000e+04
2.346900000000000000e+04
2.463300000000000000e+04
1.444200000000000000e+04
2.279600000000000000e+04
2.535400000000000000e+04
2.567800000000000000e+04
2.397800000000000000e+04
2.490400000000000000e+04
1.909200000000000000e+04
2.178900000000000000e+04
2.790800000000000000e+04
2.106300000000000000e+04
2.719600000000000000e+04
2.545200000000000000e+04
1.724400000000000000e+04
2.224100000000000000e+04
2.080600000000000000e+04
2.730800000000000000e+04
2.115700000000000000e+04
2.780100000000000000e+04
2.706200000000000000e+04
1.821800000000000000e+04
2.281300000000000000e+04
2.790000000000000000e+04
1.624900000000000000e+04
3.249900000000000000e+04
2.855600000000000000e+04
2.988300000000000000e+04
2.190100000000000000e+04
2.932600000000000000e+04
3.471000000000000000e+04
2.888600000000000000e+04
1.943900000000000000e+04
1.669400000000000000e+04
1.958600000000000000e+04
1.864600000000000000e+04
1.400500000000000000e+04
2.226200000000000000e+04
2.401700000000000000e+04
2.123400000000000000e+04
1.798700000000000000e+04
2.539100000000000000e+04
2.161300000000000000e+04
1.840800000000000000e+04
3.055500000000000000e+04
2.675000000000000000e+04
2.857200000000000000e+04
1.698600000000000000e+04
3.235800000000000000e+04
3.465000000000000000e+04
3.105800000000000000e+04
2.615400000000000000e+04
3.706800000000000000e+04
2.922900000000000000e+04
2.466800000000000000e+04
2.259900000000000000e+04
2.478200000000000000e+04
2.167600000000000000e+04
3.495900000000000000e+04
2.259700000000000000e+04
2.093200000000000000e+04
2.510800000000000000e+04
3.082200000000000000e+04
1.714100000000000000e+04
2.043000000000000000e+04
2.374500000000000000e+04
3.121400000000000000e+04
1.825200000000000000e+04
3.186600000000000000e+04
2.406400000000000000e+04
1.830300000000000000e+04
2.185800000000000000e+04
2.078400000000000000e+04
2.273500000000000000e+04
1.719300000000000000e+04
2.488800000000000000e+04
1.946000000000000000e+04
2.458900000000000000e+04
3.299900000000000000e+04
2.461500000000000000e+04
1.938700000000000000e+04
2.292700000000000000e+04
3.090000000000000000e+04
1.718400000000000000e+04
2.141600000000000000e+04
2.783900000000000000e+04
2.218300000000000000e+04
1.515700000000000000e+04
2.883600000000000000e+04
2.613800000000000000e+04
1.987500000000000000e+04
2.582700000000000000e+04
1.706200000000000000e+04
1.876200000000000000e+04
3.248800000000000000e+04
1.700500000000000000e+04
2.895800000000000000e+04
2.318300000000000000e+04
1.593200000000000000e+04
2.617000000000000000e+04
2.541400000000000000e+04
2.253200000000000000e+04
2.144500000000000000e+04
2.420600000000000000e+04
2.837300000000000000e+04
1.947400000000000000e+04
2.113600000000000000e+04
2.100100000000000000e+04
4.327700000000000000e+04
2.327900000000000000e+04
1.694300000000000000e+04
2.728600000000000000e+04
1.878000000000000000e+04
1.832700000000000000e+04
2.532700000000000000e+04
2.369800000000000000e+04
3.460500000000000000e+04
2.111900000000000000e+04
2.354200000000000000e+04
2.638600000000000000e+04
2.364200000000000000e+04
2.686600000000000000e+04
2.527800000000000000e+04
2.825800000000000000e+04
2.666400000000000000e+04
1.589400000000000000e+04
1.669600000000000000e+04
1.725200000000000000e+04
2.249700000000000000e+04
2.323100000000000000e+04
3.559200000000000000e+04
2.587200000000000000e+04
3.339900000000000000e+04
2.312200000000000000e+04
3.221100000000000000e+04
2.097000000000000000e+04
2.869600000000000000e+04
3.497400000000000000e+04
2.838700000000000000e+04
2.058600000000000000e+04
1.608400000000000000e+04
3.291400000000000000e+04
1.789900000000000000e+04
2.487700000000000000e+04
2.309200000000000000e+04
2.440600000000000000e+04
2.950300000000000000e+04
2.242700000000000000e+04
1.924100000000000000e+04
2.113500000000000000e+04
2.390100000000000000e+04
2.802700000000000000e+04
1.993800000000000000e+04
2.576300000000000000e+04
2.232200000000000000e+04
2.643900000000000000e+04
2.688200000000000000e+04
2.849300000000000000e+04
2.396200000000000000e+04
2.410500000000000000e+04
2.462000000000000000e+04
3.125100000000000000e+04
2.074900000000000000e+04
2.622800000000000000e+04
2.470600000000000000e+04
2.414600000000000000e+04
2.184700000000000000e+04
3.820400000000000000e+04
2.996400000000000000e+04
3.872100000000000000e+04
1.891700000000000000e+04
2.170300000000000000e+04
2.982600000000000000e+04
2.901100000000000000e+04
3.262400000000000000e+04
2.532100000000000000e+04
2.378400000000000000e+04
2.380300000000000000e+04
2.352600000000000000e+04
1.899500000000000000e+04
3.317500000000000000e+04
1.872500000000000000e+04
2.192800000000000000e+04
2.680000000000000000e+04
2.329200000000000000e+04
2.715400000000000000e+04
2.299200000000000000e+04
2.083500000000000000e+04
1.701800000000000000e+04
2.503000000000000000e+04
1.755000000000000000e+04
1.770800000000000000e+04
1.440600000000000000e+04
2.259100000000000000e+04
2.723500000000000000e+04
2.520600000000000000e+04
3.035600000000000000e+04
2.437500000000000000e+04
2.719700000000000000e+04
2.438600000000000000e+04
2.194000000000000000e+04
3.119800000000000000e+04
1.644500000000000000e+04
2.072200000000000000e+04
2.407600000000000000e+04
1.878200000000000000e+04
3.790900000000000000e+04
3.450500000000000000e+04
2.317900000000000000e+04
3.656800000000000000e+04
2.721200000000000000e+04
2.605500000000000000e+04
2.145100000000000000e+04
2.859700000000000000e+04
2.591200000000000000e+04
3.487800000000000000e+04
1.918400000000000000e+04
2.860700000000000000e+04
2.926400000000000000e+04
2.176400000000000000e+04
2.432400000000000000e+04
2.091000000000000000e+04
1.990900000000000000e+04
1.256900000000000000e+04
2.498500000000000000e+04
3.380300000000000000e+04
2.553200000000000000e+04
2.486800000000000000e+04
1.803000000000000000e+04
3.189500000000000000e+04
1.645800000000000000e+04
3.314300000000000000e+04
1.861800000000000000e+04
2.067800000000000000e+04
2.715200000000000000e+04
3.072600000000000000e+04
2.501800000000000000e+04
2.084100000000000000e+04
2.432200000000000000e+04
1.905800000000000000e+04
3.021400000000000000e+04
2.397000000000000000e+04
1.897600000000000000e+04
2.711300000000000000e+04
2.349000000000000000e+04
2.529700000000000000e+04
2.771100000000000000e+04
1.916300000000000000e+04
2.686300000000000000e+04
2.489500000000000000e+04
1.999100000000000000e+04
2.072500000000000000e+04
2.737800000000000000e+04
2.040900000000000000e+04
3.093500000000000000e+04
2.798100000000000000e+04
2.096300000000000000e+04
2.039200000000000000e+04
2.081600000000000000e+04
2.174700000000000000e+04
2.166200000000000000e+04
2.674300000000000000e+04
2.780800000000000000e+04
3.060000000000000000e+04
2.315300000000000000e+04
2.874700000000000000e+04
2.938900000000000000e+04
2.314800000000000000e+04
2.935500000000000000e+04
2.698300000000000000e+04
2.008600000000000000e+04
3.388400000000000000e+04
1.677500000000000000e+04
1.575900000000000000e+04
3.443800000000000000e+04
2.761700000000000000e+04
2.575500000000000000e+04
2.607500000000000000e+04
1.711900000000000000e+04
2.876000000000000000e+04
2.738900000000000000e+04
2.350400000000000000e+04
2.707700000000000000e+04
1.857400000000000000e+04
2.037800000000000000e+04
1.988900000000000000e+04
1.977900000000000000e+04
2.943700000000000000e+04
3.717500000000000000e+04
2.219000000000000000e+04
3.939100000000000000e+04
2.245100000000000000e+04
4.431700000000000000e+04
3.228100000000000000e+04
2.699100000000000000e+04
2.695200000000000000e+04
1.364600000000000000e+04
2.088000000000000000e+04
2.255100000000000000e+04
2.638000000000000000e+04
2.427700000000000000e+04
3.355400000000000000e+04
2.226700000000000000e+04
2.279600000000000000e+04
2.679700000000000000e+04
2.507700000000000000e+04
1.211600000000000000e+04
2.728700000000000000e+04
2.083800000000000000e+04
2.911500000000000000e+04
2.114700000000000000e+04
2.283800000000000000e+04
1.169600000000000000e+04
2.384100000000000000e+04
3.153400000000000000e+04
2.517500000000000000e+04
2.893200000000000000e+04
2.223100000000000000e+04
2.373300000000000000e+04
1.745600000000000000e+04
1.826700000000000000e+04
1.738700000000000000e+04
2.811800000000000000e+04
2.553900000000000000e+04
2.473900000000000000e+04
2.737400000000000000e+04
2.643900000000000000e+04
2.872000000000000000e+04
2.662000000000000000e+04
2.871500000000000000e+04
2.553000000000000000e+04
2.594300000000000000e+04
2.548900000000000000e+04
2.306300000000000000e+04
2.231200000000000000e+04
2.100400000000000000e+04
2.849600000000000000e+04
2.289200000000000000e+04
2.480900000000000000e+04
3.112400000000000000e+04
2.569700000000000000e+04
1.805100000000000000e+04
1.678100000000000000e+04
2.265100000000000000e+04
2.197900000000000000e+04
1.955500000000000000e+04
2.224700000000000000e+04
2.748000000000000000e+04
1.985300000000000000e+04
2.336300000000000000e+04
2.741500000000000000e+04
2.403100000000000000e+04
2.169500000000000000e+04
3.213400000000000000e+04
2.301200000000000000e+04
2.388300000000000000e+04
1.644100000000000000e+04
2.279300000000000000e+04
3.072700000000000000e+04
1.803800000000000000e+04
2.211100000000000000e+04
2.195400000000000000e+04
2.631700000000000000e+04
2.657000000000000000e+04
3.008600000000000000e+04
2.311800000000000000e+04
3.007800000000000000e+04
3.271800000000000000e+04
3.453900000000000000e+04
2.965300000000000000e+04
