1.281600000000000000e+04
1.308800000000000000e+04
1.384600000000000000e+04
1.433300000000000000e+04
1.473900000000000000e+04
1.493400000000000000e+04
1.420500000000000000e+04
1.412500000000000000e+04
1.448000000000000000e+04
1.481000000000000000e+04
1.414900000000000000e+04
1.553300000000000000e+04
1.644700000000000000e+04
1.517800000000000000e+04
1.565900000000000000e+04
1.652200000000000000e+04
1.719300000000000000e+04
1.680600000000000000e+04
1.639500000000000000e+04
1.761100000000000000e+04
1.655100000000000000e+04
1.711500000000000000e+04
1.714100000000000000e+04
1.766500000000000000e+04
1.735800000000000000e+04
1.782000000000000000e+04
1.776700000000000000e+04
1.835800000000000000e+04
1.764100000000000000e+04
1.750800000000000000e+04
1.764300000000000000e+04
1.869800000000000000e+04
1.776500000000000000e+04
1.756300000000000000e+04
1.846800000000000000e+04
1.833700000000000000e+04
1.840600000000000000e+04
1.879800000000000000e+04
1.774800000000000000e+04
1.962800000000000000e+04
1.936600000000000000e+04
1.985400000000000000e+04
1.921800000000000000e+04
1.883100000000000000e+04
1.877100000000000000e+04
1.906600000000000000e+04
1.983000000000000000e+04
2.013900000000000000e+04
1.935300000000000000e+04
2.083300000000000000e+04
2.096100000000000000e+04
2.006400000000000000e+04
2.054100000000000000e+04
1.996200000000000000e+04
2.106500000000000000e+04
2.126100000000000000e+04
2.171100000000000000e+04
2.093400000000000000e+04
2.036400000000000000e+04
2.153400000000000000e+04
2.127800000000000000e+04
2.124800000000000000e+04
2.140400000000000000e+04
2.219900000000000000e+04
2.188600000000000000e+04
2.111300000000000000e+04
2.217000000000000000e+04
2.160600000000000000e+04
2.295300000000000000e+04
2.278600000000000000e+04
2.290300000000000000e+04
2.290500000000000000e+04
2.216100000000000000e+04
2.330100000000000000e+04
2.237500000000000000e+04
2.218400000000000000e+04
2.183700000000000000e+04
2.363600000000000000e+04
2.257900000000000000e+04
2.193800000000000000e+04
2.380800000000000000e+04
2.418300000000000000e+04
2.349700000000000000e+04
2.374500000000000000e+04
2.458500000000000000e+04
2.382100000000000000e+04
2.419300000000000000e+04
2.434600000000000000e+04
2.488100000000000000e+04
2.002600000000000000e+04
2.574500000000000000e+04
2.571200000000000000e+04
2.461100000000000000e+04
2.090600000000000000e+04
1.498900000000000000e+04
2.115500000000000000e+04
1.513300000000000000e+04
1.803100000000000000e+04
1.529500000000000000e+04
2.519800000000000000e+04
1.739400000000000000e+04
1.707300000000000000e+04
1.558700000000000000e+04
2.075700000000000000e+04
1.633800000000000000e+04
1.573600000000000000e+04
1.712500000000000000e+04
1.592000000000000000e+04
1.985200000000000000e+04
2.037500000000000000e+04
1.775500000000000000e+04
1.841700000000000000e+04
1.791900000000000000e+04
1.590200000000000000e+04
1.821300000000000000e+04
1.908200000000000000e+04
1.797700000000000000e+04
1.772000000000000000e+04
1.625200000000000000e+04
1.820500000000000000e+04
1.767400000000000000e+04
1.717900000000000000e+04
1.618200000000000000e+04
2.043400000000000000e+04
1.676000000000000000e+04
1.674600000000000000e+04
1.859400000000000000e+04
1.720700000000000000e+04
2.286700000000000000e+04
1.509500000000000000e+04
2.019000000000000000e+04
1.673500000000000000e+04
2.055100000000000000e+04
1.774400000000000000e+04
2.251100000000000000e+04
1.910000000000000000e+04
2.428000000000000000e+04
2.181700000000000000e+04
1.983500000000000000e+04
2.037000000000000000e+04
1.893300000000000000e+04
2.304300000000000000e+04
1.803400000000000000e+04
1.720900000000000000e+04
1.803800000000000000e+04
2.215600000000000000e+04
2.127400000000000000e+04
1.812100000000000000e+04
1.852700000000000000e+04
1.725300000000000000e+04
2.079700000000000000e+04
1.630400000000000000e+04
1.958700000000000000e+04
2.236400000000000000e+04
2.034400000000000000e+04
2.154200000000000000e+04
2.124900000000000000e+04
1.827500000000000000e+04
1.654900000000000000e+04
2.129100000000000000e+04
2.392000000000000000e+04
1.958000000000000000e+04
2.040700000000000000e+04
1.914600000000000000e+04
2.084600000000000000e+04
1.935600000000000000e+04
2.263700000000000000e+04
2.247700000000000000e+04
2.061400000000000000e+04
2.426500000000000000e+04
1.939100000000000000e+04
1.856000000000000000e+04
1.814500000000000000e+04
1.938400000000000000e+04
2.580800000000000000e+04
2.278800000000000000e+04
2.358900000000000000e+04
1.600600000000000000e+04
2.012500000000000000e+04
1.973000000000000000e+04
2.138700000000000000e+04
2.128900000000000000e+04
2.329800000000000000e+04
2.358900000000000000e+04
2.848700000000000000e+04
1.460300000000000000e+04
2.387600000000000000e+04
1.266800000000000000e+04
2.018800000000000000e+04
1.693000000000000000e+04
2.323600000000000000e+04
1.791900000000000000e+04
2.433400000000000000e+04
1.337300000000000000e+04
1.534400000000000000e+04
2.037000000000000000e+04
1.732800000000000000e+04
1.782400000000000000e+04
1.788500000000000000e+04
1.904800000000000000e+04
1.575400000000000000e+04
2.782600000000000000e+04
1.750100000000000000e+04
2.012600000000000000e+04
1.755200000000000000e+04
1.974700000000000000e+04
1.474900000000000000e+04
2.266700000000000000e+04
1.874700000000000000e+04
2.172300000000000000e+04
1.608900000000000000e+04
1.751800000000000000e+04
1.626400000000000000e+04
1.666200000000000000e+04
2.147300000000000000e+04
1.716700000000000000e+04
1.696300000000000000e+04
2.073600000000000000e+04
2.002800000000000000e+04
2.003100000000000000e+04
1.806300000000000000e+04
1.869800000000000000e+04
2.250700000000000000e+04
1.998500000000000000e+04
2.010300000000000000e+04
1.889100000000000000e+04
1.810900000000000000e+04
1.710900000000000000e+04
1.972300000000000000e+04
2.440300000000000000e+04
2.034000000000000000e+04
1.928800000000000000e+04
2.165800000000000000e+04
2.362200000000000000e+04
1.952700000000000000e+04
2.060000000000000000e+04
2.186000000000000000e+04
2.213800000000000000e+04
2.108500000000000000e+04
1.599600000000000000e+04
2.100700000000000000e+04
1.998300000000000000e+04
2.131000000000000000e+04
2.208600000000000000e+04
1.494400000000000000e+04
1.686300000000000000e+04
2.657000000000000000e+04
1.743000000000000000e+04
2.506400000000000000e+04
1.827600000000000000e+04
2.302000000000000000e+04
2.135600000000000000e+04
1.512800000000000000e+04
2.313500000000000000e+04
2.128300000000000000e+04
2.110000000000000000e+04
2.203900000000000000e+04
1.854000000000000000e+04
1.840300000000000000e+04
1.853000000000000000e+04
2.221100000000000000e+04
1.880300000000000000e+04
1.918500000000000000e+04
2.175700000000000000e+04
1.917400000000000000e+04
2.212200000000000000e+04
2.281600000000000000e+04
2.307900000000000000e+04
1.729200000000000000e+04
1.879100000000000000e+04
1.986000000000000000e+04
2.253600000000000000e+04
1.985700000000000000e+04
1.938500000000000000e+04
2.119000000000000000e+04
1.691600000000000000e+04
1.944200000000000000e+04
2.043400000000000000e+04
1.657000000000000000e+04
2.278600000000000000e+04
2.936500000000000000e+04
2.078300000000000000e+04
1.950900000000000000e+04
1.705400000000000000e+04
1.382900000000000000e+04
1.817700000000000000e+04
2.565500000000000000e+04
1.844800000000000000e+04
1.701500000000000000e+04
1.929200000000000000e+04
1.809900000000000000e+04
1.838700000000000000e+04
2.157700000000000000e+04
2.239300000000000000e+04
2.272200000000000000e+04
2.249800000000000000e+04
1.770500000000000000e+04
2.985700000000000000e+04
1.867300000000000000e+04
2.400000000000000000e+04
1.997000000000000000e+04
1.894400000000000000e+04
1.906200000000000000e+04
2.000700000000000000e+04
1.934100000000000000e+04
1.515400000000000000e+04
2.137600000000000000e+04
1.869100000000000000e+04
2.154600000000000000e+04
2.031500000000000000e+04
1.944800000000000000e+04
2.274500000000000000e+04
1.606300000000000000e+04
1.754700000000000000e+04
2.002000000000000000e+04
1.631000000000000000e+04
2.225100000000000000e+04
1.803600000000000000e+04
1.010600000000000000e+04
1.903100000000000000e+04
1.706100000000000000e+04
1.868300000000000000e+04
1.650400000000000000e+04
2.010100000000000000e+04
1.576200000000000000e+04
1.929900000000000000e+04
2.705900000000000000e+04
1.798100000000000000e+04
2.178900000000000000e+04
2.190000000000000000e+04
1.475800000000000000e+04
2.135600000000000000e+04
1.664700000000000000e+04
1.682200000000000000e+04
1.569400000000000000e+04
1.914500000000000000e+04
1.934500000000000000e+04
2.083900000000000000e+04
2.190600000000000000e+04
1.801000000000000000e+04
1.505400000000000000e+04
2.732700000000000000e+04
1.796700000000000000e+04
2.285600000000000000e+04
2.217900000000000000e+04
1.996800000000000000e+04
1.715600000000000000e+04
2.443800000000000000e+04
2.526600000000000000e+04
1.949900000000000000e+04
2.033000000000000000e+04
1.788000000000000000e+04
2.057700000000000000e+04
1.825400000000000000e+04
1.977100000000000000e+04
1.699200000000000000e+04
1.999100000000000000e+04
2.021700000000000000e+04
1.814400000000000000e+04
2.064300000000000000e+04
2.073700000000000000e+04
1.810200000000000000e+04
1.997500000000000000e+04
1.599200000000000000e+04
1.472900000000000000e+04
2.653100000000000000e+04
2.170600000000000000e+04
1.974700000000000000e+04
2.318700000000000000e+04
1.507200000000000000e+04
1.978900000000000000e+04
2.248100000000000000e+04
1.802100000000000000e+04
1.724400000000000000e+04
1.761500000000000000e+04
2.096000000000000000e+04
2.371000000000000000e+04
2.133800000000000000e+04
2.141600000000000000e+04
2.401300000000000000e+04
1.884200000000000000e+04
1.593300000000000000e+04
1.653400000000000000e+04
1.968700000000000000e+04
1.782600000000000000e+04
2.158600000000000000e+04
2.323600000000000000e+04
2.089700000000000000e+04
1.501900000000000000e+04
1.883300000000000000e+04
2.135400000000000000e+04
1.223200000000000000e+04
1.781200000000000000e+04
2.231000000000000000e+04
2.106900000000000000e+04
1.625400000000000000e+04
1.705700000000000000e+04
1.498000000000000000e+04
1.758900000000000000e+04
2.035000000000000000e+04
2.050500000000000000e+04
1.939800000000000000e+04
1.745500000000000000e+04
1.669700000000000000e+04
1.740700000000000000e+04
2.121400000000000000e+04
1.954300000000000000e+04
2.199600000000000000e+04
2.147000000000000000e+04
1.937600000000000000e+04
2.208600000000000000e+04
1.943900000000000000e+04
1.783200000000000000e+04
1.729300000000000000e+04
1.964800000000000000e+04
1.748500000000000000e+04
1.766700000000000000e+04
2.467300000000000000e+04
2.156200000000000000e+04
2.438400000000000000e+04
1.958000000000000000e+04
1.578600000000000000e+04
2.165900000000000000e+04
1.754400000000000000e+04
1.680300000000000000e+04
1.788800000000000000e+04
1.959100000000000000e+04
1.946500000000000000e+04
1.786100000000000000e+04
1.440200000000000000e+04
2.454300000000000000e+04
1.966100000000000000e+04
2.088200000000000000e+04
2.401400000000000000e+04
2.502200000000000000e+04
2.263200000000000000e+04
2.122000000000000000e+04
1.733400000000000000e+04
1.872300000000000000e+04
2.098400000000000000e+04
2.506300000000000000e+04
1.729100000000000000e+04
1.542300000000000000e+04
1.636000000000000000e+04
1.583200000000000000e+04
2.298800000000000000e+04
2.064500000000000000e+04
1.888800000000000000e+04
2.002700000000000000e+04
2.012700000000000000e+04
2.497200000000000000e+04
1.346700000000000000e+04
2.297700000000000000e+04
2.363600000000000000e+04
2.451700000000000000e+04
2.077700000000000000e+04
2.313600000000000000e+04
1.827100000000000000e+04
1.656200000000000000e+04
1.583500000000000000e+04
2.151100000000000000e+04
1.777400000000000000e+04
2.046900000000000000e+04
2.218800000000000000e+04
2.268400000000000000e+04
2.204200000000000000e+04
1.681800000000000000e+04
1.672700000000000000e+04
2.241000000000000000e+04
2.208400000000000000e+04
2.020700000000000000e+04
1.752000000000000000e+04
1.848600000000000000e+04
1.782700000000000000e+04
2.064200000000000000e+04
1.829500000000000000e+04
1.531100000000000000e+04
2.507500000000000000e+04
1.600700000000000000e+04
1.979700000000000000e+04
2.093600000000000000e+04
2.172300000000000000e+04
1.871200000000000000e+04
2.005200000000000000e+04
1.674100000000000000e+04
2.114800000000000000e+04
2.259600000000000000e+04
1.374600000000000000e+04
2.103800000000000000e+04
1.992600000000000000e+04
1.978300000000000000e+04
1.626000000000000000e+04
1.233000000000000000e+04
2.031800000000000000e+04
2.085000000000000000e+04
2.211300000000000000e+04
1.732400000000000000e+04
2.333600000000000000e+04
2.039100000000000000e+04
2.678100000000000000e+04
2.194700000000000000e+04
1.998100000000000000e+04
1.551000000000000000e+04
2.089400000000000000e+04
1.720100000000000000e+04
2.332900000000000000e+04
1.392000000000000000e+04
1.718500000000000000e+04
2.058600000000000000e+04
1.680000000000000000e+04
1.717800000000000000e+04
1.824000000000000000e+04
2.208900000000000000e+04
1.780500000000000000e+04
2.153500000000000000e+04
2.405300000000000000e+04
1.850100000000000000e+04
2.170100000000000000e+04
1.904600000000000000e+04
2.023400000000000000e+04
2.200500000000000000e+04
2.214700000000000000e+04
2.030100000000000000e+04
2.308200000000000000e+04
2.507500000000000000e+04
1.848500000000000000e+04
1.645400000000000000e+04
2.000000000000000000e+04
1.836100000000000000e+04
1.821400000000000000e+04
2.155100000000000000e+04
1.740700000000000000e+04
1.789000000000000000e+04
1.803600000000000000e+04
1.469500000000000000e+04
2.635800000000000000e+04
2.187400000000000000e+04
2.008200000000000000e+04
1.920900000000000000e+04
1.773800000000000000e+04
2.534400000000000000e+04
1.667700000000000000e+04
2.165100000000000000e+04
2.443200000000000000e+04
2.391700000000000000e+04
2.140100000000000000e+04
1.781200000000000000e+04
1.792100000000000000e+04
1.811600000000000000e+04
1.596400000000000000e+04
2.107200000000000000e+04
1.373400000000000000e+04
2.062800000000000000e+04
2.112100000000000000e+04
2.149400000000000000e+04
2.119900000000000000e+04
1.593300000000000000e+04
1.789800000000000000e+04
1.979800000000000000e+04
2.169100000000000000e+04
1.831400000000000000e+04
1.867900000000000000e+04
1.957900000000000000e+04
2.085400000000000000e+04
1.795500000000000000e+04
2.015200000000000000e+04
1.730400000000000000e+04
2.335300000000000000e+04
1.858400000000000000e+04
2.075600000000000000e+04
2.093700000000000000e+04
2.093300000000000000e+04
1.660400000000000000e+04
1.632100000000000000e+04
2.156800000000000000e+04
2.296000000000000000e+04
2.725300000000000000e+04
2.038600000000000000e+04
2.084300000000000000e+04
1.726400000000000000e+04
2.015200000000000000e+04
1.891900000000000000e+04
1.945800000000000000e+04
1.707100000000000000e+04
2.164000000000000000e+04
1.533500000000000000e+04
2.025600000000000000e+04
1.718400000000000000e+04
1.597100000000000000e+04
2.193800000000000000e+04
1.567800000000000000e+04
2.023300000000000000e+04
2.006000000000000000e+04
2.346900000000000000e+04
1.753900000000000000e+04
1.777300000000000000e+04
2.005300000000000000e+04
2.257200000000000000e+04
2.170700000000000000e+04
1.860300000000000000e+04
1.668200000000000000e+04
1.768800000000000000e+04
2.081100000000000000e+04
1.985000000000000000e+04
1.870000000000000000e+04
2.040700000000000000e+04
2.739900000000000000e+04
1.647000000000000000e+04
1.305700000000000000e+04
1.581900000000000000e+04
2.240100000000000000e+04
2.194900000000000000e+04
2.770900000000000000e+04
1.870400000000000000e+04
2.189000000000000000e+04
2.349600000000000000e+04
1.903700000000000000e+04
2.100100000000000000e+04
1.965200000000000000e+04
2.144500000000000000e+04
1.868600000000000000e+04
1.628600000000000000e+04
1.822700000000000000e+04
2.278400000000000000e+04
1.976900000000000000e+04
2.280100000000000000e+04
2.101900000000000000e+04
1.838800000000000000e+04
1.791900000000000000e+04
1.566900000000000000e+04
1.942100000000000000e+04
1.523400000000000000e+04
2.084700000000000000e+04
2.443900000000000000e+04
2.121500000000000000e+04
2.680500000000000000e+04
2.078900000000000000e+04
2.813800000000000000e+04
1.958600000000000000e+04
1.922600000000000000e+04
2.146100000000000000e+04
1.475600000000000000e+04
1.450000000000000000e+04
2.013600000000000000e+04
1.839900000000000000e+04
2.371300000000000000e+04
2.798700000000000000e+04
2.309300000000000000e+04
2.558100000000000000e+04
1.747800000000000000e+04
1.898000000000000000e+04
1.281300000000000000e+04
1.517700000000000000e+04
1.823200000000000000e+04
1.659600000000000000e+04
1.378200000000000000e+04
1.606800000000000000e+04
1.762400000000000000e+04
2.320500000000000000e+04
2.631200000000000000e+04
1.859400000000000000e+04
1.836800000000000000e+04
1.746300000000000000e+04
1.536300000000000000e+04
1.747900000000000000e+04
1.932000000000000000e+04
1.589600000000000000e+04
1.850400000000000000e+04
1.869300000000000000e+04
1.837800000000000000e+04
1.971600000000000000e+04
2.112500000000000000e+04
1.704700000000000000e+04
1.812900000000000000e+04
1.794800000000000000e+04
1.714200000000000000e+04
1.947500000000000000e+04
2.683700000000000000e+04
1.713100000000000000e+04
2.039500000000000000e+04
2.233100000000000000e+04
1.938800000000000000e+04
2.263500000000000000e+04
1.985300000000000000e+04
2.207600000000000000e+04
1.926700000000000000e+04
2.624500000000000000e+04
2.119800000000000000e+04
2.140900000000000000e+04
1.498600000000000000e+04
1.677600000000000000e+04
2.401900000000000000e+04
2.303300000000000000e+04
1.824100000000000000e+04
1.502600000000000000e+04
1.968800000000000000e+04
1.857400000000000000e+04
1.803100000000000000e+04
1.452600000000000000e+04
2.028400000000000000e+04
2.133800000000000000e+04
2.498800000000000000e+04
1.900400000000000000e+04
1.359300000000000000e+04
1.541200000000000000e+04
1.420000000000000000e+04
2.198000000000000000e+04
1.742700000000000000e+04
2.255700000000000000e+04
2.613500000000000000e+04
2.526000000000000000e+04
1.499700000000000000e+04
2.316200000000000000e+04
1.839900000000000000e+04
1.373700000000000000e+04
1.878700000000000000e+04
2.085100000000000000e+04
1.911200000000000000e+04
1.618700000000000000e+04
1.889300000000000000e+04
1.701700000000000000e+04
1.595900000000000000e+04
2.024500000000000000e+04
2.137700000000000000e+04
1.889900000000000000e+04
2.315100000000000000e+04
2.450000000000000000e+04
2.115400000000000000e+04
2.147100000000000000e+04
1.778200000000000000e+04
2.609400000000000000e+04
1.571300000000000000e+04
1.881400000000000000e+04
1.375500000000000000e+04
2.184800000000000000e+04
2.313000000000000000e+04
2.224000000000000000e+04
2.001600000000000000e+04
1.728200000000000000e+04
1.785100000000000000e+04
1.789700000000000000e+04
1.920100000000000000e+04
1.818800000000000000e+04
2.132600000000000000e+04
1.970300000000000000e+04
2.715900000000000000e+04
2.313300000000000000e+04
1.789100000000000000e+04
1.843300000000000000e+04
2.124100000000000000e+04
1.675200000000000000e+04
1.744500000000000000e+04
2.048800000000000000e+04
1.672500000000000000e+04
1.898000000000000000e+04
2.143200000000000000e+04
2.097500000000000000e+04
2.176600000000000000e+04
2.768100000000000000e+04
1.769600000000000000e+04
2.018200000000000000e+04
1.671500000000000000e+04
1.449100000000000000e+04
2.007800000000000000e+04
1.981900000000000000e+04
1.976200000000000000e+04
1.910600000000000000e+04
1.749900000000000000e+04
2.405500000000000000e+04
1.872400000000000000e+04
1.936000000000000000e+04
2.006000000000000000e+04
1.701900000000000000e+04
2.078500000000000000e+04
2.271000000000000000e+04
1.966400000000000000e+04
2.252400000000000000e+04
2.019800000000000000e+04
1.989900000000000000e+04
2.166000000000000000e+04
1.718300000000000000e+04
1.948600000000000000e+04
2.398800000000000000e+04
1.513900000000000000e+04
2.370100000000000000e+04
2.340500000000000000e+04
2.137700000000000000e+04
1.852100000000000000e+04
1.801600000000000000e+04
2.618500000000000000e+04
2.287400000000000000e+04
1.844000000000000000e+04
1.800600000000000000e+04
2.174200000000000000e+04
1.723700000000000000e+04
2.023900000000000000e+04
2.875100000000000000e+04
1.965100000000000000e+04
1.517500000000000000e+04
1.825000000000000000e+04
1.692200000000000000e+04
2.189300000000000000e+04
1.786000000000000000e+04
2.418100000000000000e+04
2.479900000000000000e+04
2.060000000000000000e+04
1.779800000000000000e+04
2.137600000000000000e+04
2.206500000000000000e+04
2.168700000000000000e+04
1.525700000000000000e+04
1.609400000000000000e+04
1.913500000000000000e+04
2.038000000000000000e+04
1.950300000000000000e+04
1.949900000000000000e+04
1.936400000000000000e+04
2.367900000000000000e+04
1.912000000000000000e+04
1.918500000000000000e+04
2.055200000000000000e+04
1.533100000000000000e+04
2.061300000000000000e+04
1.843500000000000000e+04
2.031100000000000000e+04
1.853000000000000000e+04
2.369300000000000000e+04
1.674300000000000000e+04
2.506400000000000000e+04
1.918300000000000000e+04
2.366200000000000000e+04
1.327200000000000000e+04
1.773600000000000000e+04
2.183500000000000000e+04
1.874800000000000000e+04
1.643400000000000000e+04
2.517200000000000000e+04
1.577800000000000000e+04
1.857900000000000000e+04
1.840300000000000000e+04
2.126100000000000000e+04
1.419100000000000000e+04
1.846300000000000000e+04
1.769100000000000000e+04
1.848800000000000000e+04
2.366000000000000000e+04
1.231000000000000000e+04
2.065300000000000000e+04
2.298400000000000000e+04
1.904400000000000000e+04
1.598300000000000000e+04
1.957000000000000000e+04
2.316600000000000000e+04
2.273500000000000000e+04
1.983200000000000000e+04
2.134700000000000000e+04
1.779800000000000000e+04
1.886000000000000000e+04
2.147900000000000000e+04
1.893700000000000000e+04
1.661600000000000000e+04
2.050900000000000000e+04
2.169200000000000000e+04
2.547100000000000000e+04
1.721400000000000000e+04
1.759300000000000000e+04
2.004000000000000000e+04
1.629000000000000000e+04
2.429200000000000000e+04
1.523700000000000000e+04
2.114500000000000000e+04
2.376100000000000000e+04
1.727000000000000000e+04
1.924300000000000000e+04
2.141200000000000000e+04
1.914500000000000000e+04
1.635600000000000000e+04
2.079500000000000000e+04
1.873100000000000000e+04
2.535300000000000000e+04
1.949000000000000000e+04
2.346800000000000000e+04
2.118100000000000000e+04
1.700100000000000000e+04
1.860200000000000000e+04
1.677300000000000000e+04
1.977200000000000000e+04
2.040400000000000000e+04
2.053600000000000000e+04
2.125400000000000000e+04
1.986900000000000000e+04
1.930700000000000000e+04
1.857500000000000000e+04
1.630300000000000000e+04
1.945500000000000000e+04
1.847400000000000000e+04
2.102400000000000000e+04
2.481700000000000000e+04
1.921600000000000000e+04
2.600100000000000000e+04
1.998800000000000000e+04
1.361700000000000000e+04
1.782500000000000000e+04
2.308000000000000000e+04
1.750200000000000000e+04
2.451100000000000000e+04
2.197500000000000000e+04
1.958300000000000000e+04
1.941700000000000000e+04
1.732800000000000000e+04
1.814100000000000000e+04
1.711000000000000000e+04
2.574500000000000000e+04
1.540100000000000000e+04
1.587300000000000000e+04
2.624800000000000000e+04
1.665300000000000000e+04
1.554000000000000000e+04
1.900700000000000000e+04
1.774200000000000000e+04
2.576900000000000000e+04
1.354400000000000000e+04
2.393300000000000000e+04
1.737700000000000000e+04
1.886900000000000000e+04
1.880100000000000000e+04
2.600000000000000000e+04
1.180600000000000000e+04
2.135300000000000000e+04
2.414600000000000000e+04
1.669800000000000000e+04
2.157900000000000000e+04
1.800800000000000000e+04
2.192800000000000000e+04
1.748900000000000000e+04
2.532100000000000000e+04
1.862100000000000000e+04
1.556200000000000000e+04
1.732200000000000000e+04
1.906400000000000000e+04
2.130200000000000000e+04
2.033600000000000000e+04
1.834700000000000000e+04
1.766100000000000000e+04
1.921700000000000000e+04
1.768400000000000000e+04
1.639500000000000000e+04
2.352000000000000000e+04
1.382200000000000000e+04
1.345900000000000000e+04
1.713200000000000000e+04
2.185300000000000000e+04
2.231500000000000000e+04
1.911200000000000000e+04
2.603900000000000000e+04
1.318800000000000000e+04
2.325500000000000000e+04
1.697400000000000000e+04
1.882600000000000000e+04
1.856900000000000000e+04
2.400000000000000000e+04
2.448900000000000000e+04
2.289900000000000000e+04
1.873500000000000000e+04
1.528900000000000000e+04
2.024600000000000000e+04
1.762600000000000000e+04
2.870700000000000000e+04
1.901400000000000000e+04
2.396000000000000000e+04
2.199000000000000000e+04
2.047300000000000000e+04
1.952800000000000000e+04
2.307200000000000000e+04
2.349500000000000000e+04
1.892700000000000000e+04
1.542800000000000000e+04
1.928300000000000000e+04
1.725300000000000000e+04
1.796300000000000000e+04
1.849200000000000000e+04
1.961300000000000000e+04
2.212900000000000000e+04
2.132500000000000000e+04
1.832700000000000000e+04
1.744500000000000000e+04
2.237900000000000000e+04
1.849700000000000000e+04
1.779800000000000000e+04
2.165200000000000000e+04
2.309600000000000000e+04
1.661000000000000000e+04
1.991200000000000000e+04
2.458300000000000000e+04
2.382600000000000000e+04
1.709800000000000000e+04
1.667600000000000000e+04
2.431300000000000000e+04
2.158800000000000000e+04
2.772100000000000000e+04
