4.041500000000000000e+04
3.993400000000000000e+04
4.168800000000000000e+04
4.180900000000000000e+04
4.219800000000000000e+04
4.275300000000000000e+04
4.030300000000000000e+04
4.335500000000000000e+04
4.552800000000000000e+04
4.512000000000000000e+04
4.649600000000000000e+04
4.619500000000000000e+04
4.444400000000000000e+04
4.615700000000000000e+04
3.862100000000000000e+04
4.855900000000000000e+04
4.549900000000000000e+04
4.899000000000000000e+04
4.972600000000000000e+04
4.497300000000000000e+04
5.114700000000000000e+04
3.941900000000000000e+04
4.302300000000000000e+04
5.004600000000000000e+04
4.900400000000000000e+04
5.038600000000000000e+04
4.903900000000000000e+04
4.888200000000000000e+04
5.002700000000000000e+04
5.220700000000000000e+04
5.353500000000000000e+04
5.252700000000000000e+04
5.212300000000000000e+04
5.324000000000000000e+04
5.098100000000000000e+04
5.412000000000000000e+04
5.255800000000000000e+04
5.533300000000000000e+04
4.744000000000000000e+04
5.610800000000000000e+04
4.946200000000000000e+04
5.568500000000000000e+04
5.017400000000000000e+04
4.427100000000000000e+04
4.769000000000000000e+04
5.088500000000000000e+04
5.511400000000000000e+04
5.516500000000000000e+04
4.348100000000000000e+04
4.680000000000000000e+04
4.325600000000000000e+04
4.321500000000000000e+04
4.036700000000000000e+04
4.375400000000000000e+04
4.322100000000000000e+04
5.115700000000000000e+04
4.439700000000000000e+04
4.426900000000000000e+04
4.785600000000000000e+04
5.637200000000000000e+04
4.393300000000000000e+04
4.780000000000000000e+04
3.920300000000000000e+04
3.908500000000000000e+04
4.550900000000000000e+04
4.523400000000000000e+04
4.852500000000000000e+04
5.003000000000000000e+04
5.406100000000000000e+04
4.088300000000000000e+04
4.228700000000000000e+04
4.795900000000000000e+04
4.895700000000000000e+04
3.914800000000000000e+04
4.331900000000000000e+04
4.488200000000000000e+04
4.402700000000000000e+04
4.442700000000000000e+04
4.937500000000000000e+04
3.977200000000000000e+04
4.417200000000000000e+04
5.021600000000000000e+04
5.421100000000000000e+04
4.517300000000000000e+04
4.518300000000000000e+04
5.444300000000000000e+04
4.793600000000000000e+04
4.369700000000000000e+04
4.957700000000000000e+04
5.146800000000000000e+04
4.749500000000000000e+04
4.613000000000000000e+04
3.938800000000000000e+04
4.532200000000000000e+04
4.801900000000000000e+04
4.564200000000000000e+04
4.745900000000000000e+04
3.996800000000000000e+04
4.104500000000000000e+04
4.365300000000000000e+04
4.387700000000000000e+04
5.094700000000000000e+04
5.245200000000000000e+04
4.906400000000000000e+04
5.170300000000000000e+04
4.175700000000000000e+04
5.462100000000000000e+04
4.505700000000000000e+04
4.495300000000000000e+04
5.463100000000000000e+04
5.743400000000000000e+04
4.960800000000000000e+04
5.671000000000000000e+04
4.973500000000000000e+04
4.657300000000000000e+04
4.787200000000000000e+04
5.801700000000000000e+04
5.229700000000000000e+04
5.630200000000000000e+04
5.318100000000000000e+04
5.537900000000000000e+04
4.548000000000000000e+04
4.679800000000000000e+04
6.027300000000000000e+04
6.061100000000000000e+04
4.837500000000000000e+04
3.894100000000000000e+04
4.870300000000000000e+04
4.875900000000000000e+04
4.616500000000000000e+04
4.932600000000000000e+04
4.979100000000000000e+04
4.623400000000000000e+04
3.602400000000000000e+04
4.181000000000000000e+04
5.021800000000000000e+04
4.491900000000000000e+04
4.742800000000000000e+04
3.944400000000000000e+04
5.170300000000000000e+04
4.538200000000000000e+04
4.742600000000000000e+04
4.924700000000000000e+04
4.253400000000000000e+04
4.944400000000000000e+04
4.358500000000000000e+04
4.657000000000000000e+04
4.834400000000000000e+04
4.599100000000000000e+04
5.011100000000000000e+04
4.770000000000000000e+04
4.917000000000000000e+04
4.826600000000000000e+04
4.990800000000000000e+04
4.957300000000000000e+04
4.966100000000000000e+04
5.081200000000000000e+04
5.960900000000000000e+04
5.001600000000000000e+04
4.531700000000000000e+04
4.458400000000000000e+04
4.330100000000000000e+04
4.897700000000000000e+04
4.857900000000000000e+04
4.513700000000000000e+04
5.177200000000000000e+04
5.428900000000000000e+04
4.797100000000000000e+04
4.830700000000000000e+04
5.224300000000000000e+04
5.795800000000000000e+04
4.578000000000000000e+04
4.517200000000000000e+04
6.209000000000000000e+04
4.685500000000000000e+04
4.288800000000000000e+04
3.901800000000000000e+04
4.497700000000000000e+04
4.814200000000000000e+04
4.827200000000000000e+04
4.583200000000000000e+04
4.448400000000000000e+04
4.383100000000000000e+04
4.718100000000000000e+04
4.582000000000000000e+04
4.494000000000000000e+04
5.049600000000000000e+04
4.145300000000000000e+04
3.932200000000000000e+04
5.268800000000000000e+04
4.187800000000000000e+04
5.233900000000000000e+04
5.077500000000000000e+04
4.725900000000000000e+04
6.175100000000000000e+04
3.858100000000000000e+04
5.215800000000000000e+04
4.955100000000000000e+04
5.304000000000000000e+04
4.528300000000000000e+04
5.484200000000000000e+04
4.754500000000000000e+04
4.500800000000000000e+04
4.317500000000000000e+04
5.369000000000000000e+04
4.074700000000000000e+04
4.678400000000000000e+04
4.361100000000000000e+04
4.255100000000000000e+04
4.606800000000000000e+04
4.128200000000000000e+04
4.927100000000000000e+04
5.000200000000000000e+04
5.647700000000000000e+04
4.203600000000000000e+04
4.823800000000000000e+04
4.426200000000000000e+04
4.196500000000000000e+04
4.704700000000000000e+04
4.728500000000000000e+04
4.608000000000000000e+04
4.958200000000000000e+04
4.674300000000000000e+04
4.452100000000000000e+04
5.007200000000000000e+04
4.782400000000000000e+04
4.883200000000000000e+04
5.494400000000000000e+04
4.703800000000000000e+04
5.047700000000000000e+04
5.169700000000000000e+04
5.578600000000000000e+04
4.699400000000000000e+04
4.634900000000000000e+04
4.664100000000000000e+04
5.509600000000000000e+04
5.400600000000000000e+04
3.729000000000000000e+04
4.816100000000000000e+04
4.810100000000000000e+04
5.000800000000000000e+04
4.868800000000000000e+04
5.468100000000000000e+04
4.894400000000000000e+04
4.422400000000000000e+04
5.070300000000000000e+04
4.737400000000000000e+04
4.604400000000000000e+04
5.248500000000000000e+04
5.060200000000000000e+04
4.873500000000000000e+04
5.119400000000000000e+04
5.174800000000000000e+04
5.342800000000000000e+04
4.571200000000000000e+04
3.846800000000000000e+04
5.140400000000000000e+04
4.410100000000000000e+04
4.527300000000000000e+04
4.856200000000000000e+04
4.401300000000000000e+04
5.841200000000000000e+04
4.153900000000000000e+04
3.798300000000000000e+04
4.549700000000000000e+04
5.632000000000000000e+04
4.758800000000000000e+04
4.489000000000000000e+04
5.175200000000000000e+04
4.960700000000000000e+04
4.509400000000000000e+04
4.496800000000000000e+04
4.453400000000000000e+04
4.948700000000000000e+04
4.795800000000000000e+04
5.471500000000000000e+04
4.688600000000000000e+04
5.018100000000000000e+04
4.667000000000000000e+04
4.199000000000000000e+04
4.930400000000000000e+04
5.189700000000000000e+04
5.523800000000000000e+04
5.337000000000000000e+04
4.381000000000000000e+04
5.173100000000000000e+04
4.638600000000000000e+04
5.700400000000000000e+04
4.932800000000000000e+04
5.013500000000000000e+04
4.905900000000000000e+04
4.249800000000000000e+04
4.211200000000000000e+04
3.880400000000000000e+04
5.219400000000000000e+04
4.457600000000000000e+04
5.093800000000000000e+04
4.917400000000000000e+04
4.547200000000000000e+04
3.814600000000000000e+04
5.330000000000000000e+04
4.857100000000000000e+04
4.591200000000000000e+04
4.974100000000000000e+04
4.344900000000000000e+04
4.243700000000000000e+04
5.106200000000000000e+04
4.717500000000000000e+04
5.484800000000000000e+04
3.760200000000000000e+04
4.314500000000000000e+04
4.190900000000000000e+04
5.183000000000000000e+04
3.610500000000000000e+04
4.137800000000000000e+04
4.189100000000000000e+04
5.003200000000000000e+04
5.328100000000000000e+04
4.833600000000000000e+04
4.428100000000000000e+04
5.410300000000000000e+04
4.264000000000000000e+04
4.775600000000000000e+04
4.372800000000000000e+04
4.930700000000000000e+04
5.111300000000000000e+04
5.526400000000000000e+04
5.021400000000000000e+04
5.570000000000000000e+04
4.658700000000000000e+04
4.032400000000000000e+04
4.470800000000000000e+04
3.742500000000000000e+04
5.350700000000000000e+04
5.759800000000000000e+04
5.042500000000000000e+04
4.408100000000000000e+04
5.568300000000000000e+04
5.968000000000000000e+04
4.864200000000000000e+04
4.172700000000000000e+04
4.872000000000000000e+04
4.511200000000000000e+04
4.569700000000000000e+04
4.842900000000000000e+04
4.802500000000000000e+04
5.102600000000000000e+04
3.985500000000000000e+04
4.575100000000000000e+04
4.628200000000000000e+04
4.600100000000000000e+04
4.490000000000000000e+04
4.359800000000000000e+04
4.926700000000000000e+04
5.296800000000000000e+04
4.421000000000000000e+04
4.664700000000000000e+04
3.895700000000000000e+04
4.323800000000000000e+04
4.339400000000000000e+04
4.281100000000000000e+04
4.764800000000000000e+04
5.981700000000000000e+04
4.314500000000000000e+04
4.181200000000000000e+04
5.336600000000000000e+04
4.271900000000000000e+04
4.970200000000000000e+04
5.223000000000000000e+04
4.026800000000000000e+04
5.297200000000000000e+04
4.163700000000000000e+04
5.497300000000000000e+04
5.591300000000000000e+04
3.974200000000000000e+04
4.260300000000000000e+04
5.665300000000000000e+04
4.927700000000000000e+04
4.552300000000000000e+04
6.282700000000000000e+04
5.303800000000000000e+04
5.134300000000000000e+04
4.432200000000000000e+04
3.845800000000000000e+04
4.979300000000000000e+04
4.879400000000000000e+04
4.522600000000000000e+04
5.077600000000000000e+04
5.462800000000000000e+04
4.558200000000000000e+04
4.592300000000000000e+04
4.205900000000000000e+04
4.496300000000000000e+04
4.691900000000000000e+04
4.843500000000000000e+04
5.217500000000000000e+04
4.366400000000000000e+04
4.295800000000000000e+04
4.430300000000000000e+04
5.568200000000000000e+04
4.215200000000000000e+04
5.478200000000000000e+04
5.275300000000000000e+04
5.288600000000000000e+04
4.242500000000000000e+04
5.457500000000000000e+04
4.028400000000000000e+04
4.841300000000000000e+04
4.306900000000000000e+04
4.256100000000000000e+04
4.254900000000000000e+04
4.990500000000000000e+04
5.021800000000000000e+04
4.566500000000000000e+04
4.355000000000000000e+04
5.165900000000000000e+04
3.956500000000000000e+04
3.917800000000000000e+04
4.504400000000000000e+04
5.990600000000000000e+04
5.547400000000000000e+04
4.679500000000000000e+04
4.520500000000000000e+04
4.887900000000000000e+04
4.590400000000000000e+04
4.854500000000000000e+04
4.986500000000000000e+04
4.133700000000000000e+04
4.158100000000000000e+04
4.044500000000000000e+04
4.825600000000000000e+04
5.528700000000000000e+04
5.188700000000000000e+04
4.720100000000000000e+04
5.637200000000000000e+04
5.391800000000000000e+04
4.390400000000000000e+04
5.451100000000000000e+04
5.978500000000000000e+04
4.702700000000000000e+04
5.428200000000000000e+04
4.448600000000000000e+04
4.071200000000000000e+04
4.420100000000000000e+04
4.595500000000000000e+04
4.601700000000000000e+04
4.822500000000000000e+04
4.073500000000000000e+04
5.580100000000000000e+04
4.709300000000000000e+04
3.980700000000000000e+04
4.579800000000000000e+04
5.331600000000000000e+04
4.798300000000000000e+04
5.251400000000000000e+04
4.219500000000000000e+04
3.780500000000000000e+04
5.089400000000000000e+04
4.645700000000000000e+04
4.053500000000000000e+04
5.270600000000000000e+04
4.966000000000000000e+04
5.718300000000000000e+04
4.035500000000000000e+04
4.504600000000000000e+04
4.103100000000000000e+04
4.710700000000000000e+04
4.656600000000000000e+04
3.983200000000000000e+04
5.464900000000000000e+04
5.489500000000000000e+04
5.166500000000000000e+04
5.292200000000000000e+04
5.013200000000000000e+04
5.525300000000000000e+04
4.244700000000000000e+04
4.509600000000000000e+04
4.454800000000000000e+04
4.878000000000000000e+04
3.754900000000000000e+04
4.429200000000000000e+04
4.740000000000000000e+04
5.456900000000000000e+04
4.578400000000000000e+04
4.165000000000000000e+04
4.650100000000000000e+04
4.951600000000000000e+04
4.445200000000000000e+04
5.078600000000000000e+04
3.983600000000000000e+04
4.924500000000000000e+04
5.524200000000000000e+04
4.628000000000000000e+04
3.750300000000000000e+04
5.382000000000000000e+04
4.982600000000000000e+04
5.015900000000000000e+04
5.893900000000000000e+04
4.013400000000000000e+04
4.586500000000000000e+04
5.785400000000000000e+04
4.392600000000000000e+04
4.055900000000000000e+04
4.311100000000000000e+04
3.992100000000000000e+04
3.485800000000000000e+04
5.027900000000000000e+04
4.152200000000000000e+04
5.168600000000000000e+04
4.528000000000000000e+04
4.541100000000000000e+04
4.740300000000000000e+04
4.488800000000000000e+04
5.275600000000000000e+04
5.441800000000000000e+04
4.589400000000000000e+04
4.241300000000000000e+04
4.909700000000000000e+04
4.390200000000000000e+04
4.613600000000000000e+04
4.638900000000000000e+04
5.370300000000000000e+04
4.674000000000000000e+04
4.908800000000000000e+04
4.282200000000000000e+04
4.785600000000000000e+04
4.384100000000000000e+04
5.141200000000000000e+04
4.322700000000000000e+04
4.274400000000000000e+04
5.186800000000000000e+04
4.953800000000000000e+04
3.789200000000000000e+04
4.806900000000000000e+04
5.488800000000000000e+04
4.392500000000000000e+04
5.082800000000000000e+04
4.407000000000000000e+04
4.720200000000000000e+04
4.260500000000000000e+04
5.328100000000000000e+04
5.205300000000000000e+04
4.929900000000000000e+04
4.523800000000000000e+04
5.012300000000000000e+04
3.979000000000000000e+04
4.228100000000000000e+04
4.763300000000000000e+04
4.253900000000000000e+04
3.814200000000000000e+04
4.238000000000000000e+04
4.330600000000000000e+04
4.086500000000000000e+04
5.509000000000000000e+04
5.213900000000000000e+04
5.106300000000000000e+04
5.697300000000000000e+04
5.920700000000000000e+04
4.950400000000000000e+04
4.881000000000000000e+04
4.490500000000000000e+04
4.648100000000000000e+04
5.004900000000000000e+04
4.547300000000000000e+04
4.761500000000000000e+04
4.863700000000000000e+04
5.624700000000000000e+04
5.094400000000000000e+04
5.303700000000000000e+04
4.802100000000000000e+04
4.919800000000000000e+04
4.101500000000000000e+04
4.696700000000000000e+04
4.287400000000000000e+04
5.682600000000000000e+04
4.555100000000000000e+04
4.799400000000000000e+04
5.134300000000000000e+04
5.399600000000000000e+04
4.566700000000000000e+04
4.125400000000000000e+04
4.606700000000000000e+04
5.396800000000000000e+04
4.430000000000000000e+04
5.010600000000000000e+04
5.024700000000000000e+04
4.493100000000000000e+04
5.766900000000000000e+04
5.976100000000000000e+04
4.347600000000000000e+04
4.235400000000000000e+04
5.478200000000000000e+04
4.890400000000000000e+04
4.257900000000000000e+04
4.273000000000000000e+04
4.715800000000000000e+04
4.886400000000000000e+04
4.520000000000000000e+04
4.707100000000000000e+04
3.893000000000000000e+04
3.877300000000000000e+04
4.346900000000000000e+04
5.168200000000000000e+04
4.835600000000000000e+04
4.644900000000000000e+04
4.033800000000000000e+04
4.808300000000000000e+04
4.868500000000000000e+04
4.782500000000000000e+04
5.081300000000000000e+04
4.927800000000000000e+04
4.924700000000000000e+04
5.080400000000000000e+04
4.784300000000000000e+04
4.114300000000000000e+04
4.793800000000000000e+04
5.628700000000000000e+04
4.616000000000000000e+04
4.128100000000000000e+04
4.368300000000000000e+04
4.867800000000000000e+04
5.171100000000000000e+04
5.136300000000000000e+04
4.892700000000000000e+04
4.833100000000000000e+04
5.371800000000000000e+04
3.708600000000000000e+04
4.705900000000000000e+04
4.525900000000000000e+04
4.703400000000000000e+04
6.359800000000000000e+04
4.530400000000000000e+04
4.842800000000000000e+04
4.878300000000000000e+04
4.177000000000000000e+04
4.466800000000000000e+04
5.228900000000000000e+04
5.092300000000000000e+04
4.664600000000000000e+04
4.824800000000000000e+04
4.359800000000000000e+04
4.580800000000000000e+04
4.538800000000000000e+04
4.899200000000000000e+04
4.489100000000000000e+04
5.158800000000000000e+04
4.856700000000000000e+04
4.607900000000000000e+04
3.966500000000000000e+04
3.774300000000000000e+04
4.597000000000000000e+04
4.784600000000000000e+04
4.816500000000000000e+04
3.840600000000000000e+04
5.462100000000000000e+04
4.860300000000000000e+04
5.720300000000000000e+04
4.504000000000000000e+04
4.938800000000000000e+04
4.308100000000000000e+04
4.382600000000000000e+04
6.082200000000000000e+04
4.174400000000000000e+04
5.312700000000000000e+04
4.738600000000000000e+04
5.615600000000000000e+04
4.363000000000000000e+04
4.087200000000000000e+04
4.661200000000000000e+04
4.927300000000000000e+04
5.074700000000000000e+04
4.503700000000000000e+04
5.451200000000000000e+04
4.867200000000000000e+04
4.469800000000000000e+04
5.640700000000000000e+04
4.188000000000000000e+04
3.716800000000000000e+04
4.712500000000000000e+04
4.629100000000000000e+04
4.082300000000000000e+04
4.373500000000000000e+04
4.978000000000000000e+04
5.073900000000000000e+04
4.786500000000000000e+04
4.863300000000000000e+04
4.448400000000000000e+04
4.728200000000000000e+04
3.979600000000000000e+04
4.477900000000000000e+04
4.993100000000000000e+04
5.079700000000000000e+04
4.616700000000000000e+04
4.101000000000000000e+04
4.531400000000000000e+04
5.185200000000000000e+04
5.484300000000000000e+04
5.066800000000000000e+04
4.869200000000000000e+04
4.729800000000000000e+04
5.105800000000000000e+04
5.248300000000000000e+04
5.021100000000000000e+04
5.608500000000000000e+04
4.971100000000000000e+04
4.656200000000000000e+04
4.831700000000000000e+04
4.593900000000000000e+04
4.329000000000000000e+04
4.888400000000000000e+04
5.002500000000000000e+04
4.702700000000000000e+04
5.272100000000000000e+04
5.588900000000000000e+04
4.325300000000000000e+04
4.959900000000000000e+04
5.258600000000000000e+04
5.528800000000000000e+04
5.127800000000000000e+04
4.268500000000000000e+04
4.361700000000000000e+04
3.834800000000000000e+04
4.662900000000000000e+04
5.522000000000000000e+04
4.282600000000000000e+04
4.815600000000000000e+04
5.202400000000000000e+04
5.256800000000000000e+04
4.662600000000000000e+04
4.525100000000000000e+04
5.619100000000000000e+04
4.353000000000000000e+04
5.143500000000000000e+04
4.211500000000000000e+04
5.144700000000000000e+04
5.398800000000000000e+04
5.139600000000000000e+04
4.857800000000000000e+04
4.418000000000000000e+04
5.112800000000000000e+04
5.127000000000000000e+04
3.949900000000000000e+04
4.449300000000000000e+04
4.593100000000000000e+04
5.022200000000000000e+04
4.611300000000000000e+04
4.018800000000000000e+04
5.743100000000000000e+04
5.555700000000000000e+04
6.055400000000000000e+04
4.886000000000000000e+04
4.510000000000000000e+04
5.209800000000000000e+04
4.921500000000000000e+04
5.892800000000000000e+04
4.527100000000000000e+04
4.860600000000000000e+04
4.992600000000000000e+04
5.294100000000000000e+04
5.107300000000000000e+04
4.067000000000000000e+04
5.106700000000000000e+04
4.682500000000000000e+04
5.108900000000000000e+04
4.960100000000000000e+04
5.186600000000000000e+04
4.464700000000000000e+04
4.655800000000000000e+04
4.399200000000000000e+04
4.959200000000000000e+04
4.551800000000000000e+04
4.573900000000000000e+04
4.964400000000000000e+04
5.759100000000000000e+04
4.580400000000000000e+04
4.986300000000000000e+04
5.279300000000000000e+04
4.879700000000000000e+04
4.341600000000000000e+04
4.723000000000000000e+04
5.510500000000000000e+04
5.261000000000000000e+04
4.932900000000000000e+04
5.034300000000000000e+04
5.483800000000000000e+04
5.116300000000000000e+04
5.681400000000000000e+04
5.833600000000000000e+04
5.691100000000000000e+04
5.182600000000000000e+04
4.403700000000000000e+04
5.262000000000000000e+04
4.841500000000000000e+04
4.188600000000000000e+04
5.272000000000000000e+04
5.175200000000000000e+04
5.146300000000000000e+04
4.482200000000000000e+04
4.875900000000000000e+04
4.368100000000000000e+04
5.184700000000000000e+04
5.168600000000000000e+04
5.216100000000000000e+04
4.796800000000000000e+04
4.663900000000000000e+04
4.428500000000000000e+04
3.662100000000000000e+04
5.279200000000000000e+04
5.163600000000000000e+04
4.779000000000000000e+04
4.587300000000000000e+04
5.008200000000000000e+04
5.658600000000000000e+04
4.222200000000000000e+04
4.676600000000000000e+04
4.699800000000000000e+04
4.774700000000000000e+04
5.340400000000000000e+04
6.010200000000000000e+04
5.100900000000000000e+04
4.866500000000000000e+04
4.685400000000000000e+04
6.239600000000000000e+04
4.734300000000000000e+04
4.276100000000000000e+04
5.253000000000000000e+04
4.315600000000000000e+04
4.558300000000000000e+04
4.463300000000000000e+04
4.760200000000000000e+04
4.698300000000000000e+04
4.053700000000000000e+04
5.025300000000000000e+04
5.998900000000000000e+04
5.475800000000000000e+04
4.678200000000000000e+04
5.538200000000000000e+04
4.390000000000000000e+04
5.244400000000000000e+04
5.523600000000000000e+04
4.468800000000000000e+04
5.140200000000000000e+04
5.069800000000000000e+04
4.924900000000000000e+04
4.713200000000000000e+04
4.409100000000000000e+04
4.664600000000000000e+04
5.722500000000000000e+04
4.528200000000000000e+04
5.312900000000000000e+04
5.495700000000000000e+04
4.105500000000000000e+04
4.741600000000000000e+04
3.881800000000000000e+04
5.081200000000000000e+04
4.719600000000000000e+04
4.563800000000000000e+04
4.759500000000000000e+04
4.299100000000000000e+04
5.224900000000000000e+04
5.548400000000000000e+04
5.179200000000000000e+04
5.126200000000000000e+04
5.783300000000000000e+04
3.952900000000000000e+04
5.637700000000000000e+04
5.748400000000000000e+04
4.589300000000000000e+04
4.887100000000000000e+04
4.766000000000000000e+04
3.977000000000000000e+04
4.849000000000000000e+04
5.075700000000000000e+04
4.984600000000000000e+04
4.944600000000000000e+04
4.712800000000000000e+04
4.451600000000000000e+04
5.509500000000000000e+04
4.971200000000000000e+04
4.307600000000000000e+04
5.087200000000000000e+04
5.054500000000000000e+04
5.543600000000000000e+04
4.473100000000000000e+04
4.394400000000000000e+04
4.680600000000000000e+04
5.494100000000000000e+04
4.616300000000000000e+04
4.655500000000000000e+04
4.737800000000000000e+04
4.286100000000000000e+04
6.090100000000000000e+04
4.793000000000000000e+04
5.071300000000000000e+04
4.725400000000000000e+04
5.334900000000000000e+04
4.767200000000000000e+04
4.615100000000000000e+04
4.752700000000000000e+04
4.570800000000000000e+04
6.089400000000000000e+04
3.910300000000000000e+04
4.571400000000000000e+04
4.539100000000000000e+04
4.306400000000000000e+04
5.401300000000000000e+04
4.409000000000000000e+04
4.308600000000000000e+04
5.960500000000000000e+04
4.096000000000000000e+04
5.494600000000000000e+04
4.215600000000000000e+04
4.760300000000000000e+04
4.923900000000000000e+04
4.698500000000000000e+04
4.921700000000000000e+04
5.551900000000000000e+04
3.855100000000000000e+04
4.156600000000000000e+04
3.896500000000000000e+04
4.811400000000000000e+04
4.915200000000000000e+04
3.704300000000000000e+04
4.621500000000000000e+04
4.592300000000000000e+04
4.101700000000000000e+04
5.254200000000000000e+04
4.648900000000000000e+04
4.659400000000000000e+04
4.730500000000000000e+04
4.750700000000000000e+04
4.632500000000000000e+04
4.231400000000000000e+04
6.014200000000000000e+04
4.218600000000000000e+04
4.808700000000000000e+04
4.969200000000000000e+04
4.835400000000000000e+04
4.600000000000000000e+04
4.468600000000000000e+04
5.413700000000000000e+04
5.651400000000000000e+04
5.743900000000000000e+04
4.904100000000000000e+04
4.980600000000000000e+04
4.375800000000000000e+04
4.417200000000000000e+04
5.101700000000000000e+04
5.235200000000000000e+04
4.240400000000000000e+04
5.584000000000000000e+04
4.041700000000000000e+04
4.900500000000000000e+04
5.212200000000000000e+04
4.325100000000000000e+04
4.685600000000000000e+04
4.194800000000000000e+04
4.502300000000000000e+04
4.676500000000000000e+04
4.191800000000000000e+04
5.802400000000000000e+04
5.354900000000000000e+04
4.423500000000000000e+04
5.413200000000000000e+04
4.799100000000000000e+04
4.672800000000000000e+04
3.868000000000000000e+04
4.367100000000000000e+04
5.303300000000000000e+04
4.808900000000000000e+04
4.665500000000000000e+04
4.864900000000000000e+04
4.880200000000000000e+04
3.480800000000000000e+04
5.154600000000000000e+04
4.565200000000000000e+04
4.968200000000000000e+04
4.541300000000000000e+04
4.136700000000000000e+04
4.316100000000000000e+04
4.751200000000000000e+04
4.751100000000000000e+04
4.422900000000000000e+04
4.066900000000000000e+04
4.878200000000000000e+04
5.711900000000000000e+04
4.773200000000000000e+04
4.494200000000000000e+04
4.919900000000000000e+04
5.296300000000000000e+04
5.670000000000000000e+04
5.472500000000000000e+04
4.811800000000000000e+04
4.714800000000000000e+04
5.039100000000000000e+04
5.014300000000000000e+04
5.392500000000000000e+04
4.863800000000000000e+04
4.977700000000000000e+04
4.952700000000000000e+04
