6.882000000000000000e+03
9.176000000000000000e+03
8.147000000000000000e+03
9.269000000000000000e+03
9.319000000000000000e+03
9.731000000000000000e+03
9.801000000000000000e+03
1.116200000000000000e+04
1.116200000000000000e+04
1.093100000000000000e+04
1.155000000000000000e+04
1.160300000000000000e+04
1.086400000000000000e+04
1.193500000000000000e+04
1.146900000000000000e+04
1.158400000000000000e+04
1.087600000000000000e+04
1.217200000000000000e+04
1.235200000000000000e+04
1.160100000000000000e+04
1.166100000000000000e+04
1.118100000000000000e+04
1.150500000000000000e+04
1.111900000000000000e+04
1.154200000000000000e+04
1.128400000000000000e+04
1.155600000000000000e+04
1.327500000000000000e+04
1.125000000000000000e+04
1.331600000000000000e+04
1.179100000000000000e+04
1.103000000000000000e+04
1.231600000000000000e+04
9.338000000000000000e+03
1.166900000000000000e+04
1.328500000000000000e+04
1.321600000000000000e+04
1.156300000000000000e+04
1.299600000000000000e+04
1.228100000000000000e+04
1.285900000000000000e+04
1.093000000000000000e+04
1.295400000000000000e+04
1.341600000000000000e+04
1.286200000000000000e+04
1.320800000000000000e+04
1.266700000000000000e+04
1.295700000000000000e+04
1.430300000000000000e+04
1.300200000000000000e+04
1.224200000000000000e+04
1.348300000000000000e+04
1.369600000000000000e+04
1.397500000000000000e+04
1.236800000000000000e+04
1.385400000000000000e+04
1.375300000000000000e+04
1.494900000000000000e+04
1.419400000000000000e+04
1.430300000000000000e+04
1.278800000000000000e+04
1.477500000000000000e+04
1.364600000000000000e+04
1.364700000000000000e+04
1.387300000000000000e+04
1.492000000000000000e+04
1.527800000000000000e+04
1.487600000000000000e+04
1.433600000000000000e+04
1.480300000000000000e+04
1.478400000000000000e+04
1.487900000000000000e+04
1.575500000000000000e+04
1.575300000000000000e+04
1.521700000000000000e+04
1.449600000000000000e+04
1.403800000000000000e+04
1.500100000000000000e+04
1.604000000000000000e+04
1.598600000000000000e+04
1.475700000000000000e+04
1.427600000000000000e+04
1.556000000000000000e+04
1.567200000000000000e+04
1.606600000000000000e+04
1.687900000000000000e+04
1.628700000000000000e+04
1.805600000000000000e+04
1.504400000000000000e+04
1.530100000000000000e+04
1.577900000000000000e+04
9.585000000000000000e+03
1.960500000000000000e+04
1.908300000000000000e+04
2.098100000000000000e+04
1.841900000000000000e+04
2.307000000000000000e+04
1.325900000000000000e+04
1.175300000000000000e+04
1.346800000000000000e+04
1.113100000000000000e+04
1.227700000000000000e+04
1.154900000000000000e+04
1.059200000000000000e+04
1.336900000000000000e+04
1.106800000000000000e+04
1.165800000000000000e+04
1.176400000000000000e+04
1.093000000000000000e+04
1.238900000000000000e+04
1.152900000000000000e+04
1.245300000000000000e+04
1.361200000000000000e+04
1.024600000000000000e+04
1.048800000000000000e+04
1.619700000000000000e+04
1.224200000000000000e+04
1.145800000000000000e+04
1.676600000000000000e+04
1.287400000000000000e+04
1.182000000000000000e+04
1.658900000000000000e+04
1.126400000000000000e+04
1.333300000000000000e+04
1.279800000000000000e+04
1.463700000000000000e+04
1.350400000000000000e+04
1.099400000000000000e+04
1.300800000000000000e+04
1.594400000000000000e+04
1.424900000000000000e+04
1.027900000000000000e+04
1.267600000000000000e+04
1.409100000000000000e+04
1.562000000000000000e+04
1.299400000000000000e+04
1.281100000000000000e+04
1.417200000000000000e+04
1.460000000000000000e+04
1.582000000000000000e+04
1.035700000000000000e+04
1.600900000000000000e+04
1.490600000000000000e+04
1.386800000000000000e+04
1.443200000000000000e+04
1.338200000000000000e+04
1.105600000000000000e+04
1.487300000000000000e+04
1.208500000000000000e+04
1.604500000000000000e+04
1.495100000000000000e+04
1.754500000000000000e+04
1.538300000000000000e+04
1.434800000000000000e+04
1.204200000000000000e+04
1.594300000000000000e+04
1.615600000000000000e+04
1.139000000000000000e+04
1.520100000000000000e+04
1.387900000000000000e+04
1.421100000000000000e+04
1.555600000000000000e+04
1.255800000000000000e+04
1.375100000000000000e+04
1.668300000000000000e+04
1.525700000000000000e+04
1.557300000000000000e+04
1.403900000000000000e+04
1.701500000000000000e+04
1.841800000000000000e+04
1.504000000000000000e+04
1.565100000000000000e+04
1.320000000000000000e+04
1.651100000000000000e+04
1.480300000000000000e+04
1.464600000000000000e+04
1.893800000000000000e+04
1.405200000000000000e+04
1.471000000000000000e+04
1.721400000000000000e+04
1.454100000000000000e+04
1.704900000000000000e+04
1.482600000000000000e+04
1.679600000000000000e+04
1.662500000000000000e+04
1.265800000000000000e+04
8.536000000000000000e+03
9.702000000000000000e+03
1.413900000000000000e+04
1.226300000000000000e+04
1.687800000000000000e+04
2.151600000000000000e+04
1.697700000000000000e+04
1.064100000000000000e+04
1.253300000000000000e+04
1.355000000000000000e+04
1.297400000000000000e+04
1.246000000000000000e+04
1.202000000000000000e+04
1.236500000000000000e+04
8.866000000000000000e+03
1.381600000000000000e+04
1.074500000000000000e+04
1.082400000000000000e+04
1.055300000000000000e+04
1.142700000000000000e+04
1.197600000000000000e+04
1.340100000000000000e+04
1.328500000000000000e+04
1.719400000000000000e+04
1.107400000000000000e+04
1.215400000000000000e+04
1.389900000000000000e+04
1.536700000000000000e+04
1.292600000000000000e+04
1.024800000000000000e+04
1.285200000000000000e+04
1.346500000000000000e+04
1.036100000000000000e+04
1.245900000000000000e+04
1.365800000000000000e+04
1.647400000000000000e+04
1.310000000000000000e+04
1.235400000000000000e+04
1.678500000000000000e+04
9.592000000000000000e+03
1.016500000000000000e+04
1.621500000000000000e+04
1.281200000000000000e+04
1.638900000000000000e+04
1.393000000000000000e+04
1.381400000000000000e+04
1.354200000000000000e+04
1.211900000000000000e+04
1.259700000000000000e+04
1.696600000000000000e+04
1.253900000000000000e+04
1.529700000000000000e+04
1.361600000000000000e+04
1.500700000000000000e+04
1.546000000000000000e+04
1.339400000000000000e+04
1.194100000000000000e+04
1.402900000000000000e+04
1.209200000000000000e+04
1.505800000000000000e+04
1.428900000000000000e+04
1.714300000000000000e+04
1.140400000000000000e+04
1.509300000000000000e+04
1.313500000000000000e+04
1.803500000000000000e+04
1.127900000000000000e+04
1.787100000000000000e+04
1.578500000000000000e+04
1.759600000000000000e+04
1.317100000000000000e+04
1.056800000000000000e+04
1.163900000000000000e+04
1.322400000000000000e+04
1.418000000000000000e+04
1.571100000000000000e+04
1.361500000000000000e+04
1.510500000000000000e+04
1.412400000000000000e+04
1.314500000000000000e+04
1.848000000000000000e+04
1.372700000000000000e+04
1.773800000000000000e+04
1.461900000000000000e+04
1.701400000000000000e+04
1.637400000000000000e+04
1.114500000000000000e+04
1.390600000000000000e+04
1.276900000000000000e+04
1.472600000000000000e+04
1.390700000000000000e+04
1.464800000000000000e+04
1.042000000000000000e+04
1.259800000000000000e+04
1.819500000000000000e+04
1.204000000000000000e+04
2.055100000000000000e+04
1.700300000000000000e+04
1.071500000000000000e+04
1.563800000000000000e+04
1.701600000000000000e+04
1.497200000000000000e+04
1.228900000000000000e+04
1.120800000000000000e+04
1.913900000000000000e+04
1.563400000000000000e+04
1.832400000000000000e+04
1.311600000000000000e+04
1.432100000000000000e+04
9.322000000000000000e+03
1.348200000000000000e+04
1.404000000000000000e+04
1.167300000000000000e+04
9.832000000000000000e+03
1.024500000000000000e+04
1.134700000000000000e+04
1.226900000000000000e+04
1.292400000000000000e+04
1.171800000000000000e+04
1.323800000000000000e+04
1.404800000000000000e+04
9.042000000000000000e+03
1.152800000000000000e+04
1.203300000000000000e+04
1.353100000000000000e+04
1.531400000000000000e+04
1.205000000000000000e+04
1.340700000000000000e+04
1.364900000000000000e+04
1.420500000000000000e+04
1.244300000000000000e+04
1.095200000000000000e+04
1.281000000000000000e+04
1.439900000000000000e+04
9.302000000000000000e+03
1.409500000000000000e+04
1.045600000000000000e+04
1.259900000000000000e+04
1.324700000000000000e+04
1.839200000000000000e+04
1.345100000000000000e+04
1.123000000000000000e+04
9.779000000000000000e+03
1.144800000000000000e+04
1.117000000000000000e+04
1.450100000000000000e+04
1.156800000000000000e+04
1.901500000000000000e+04
1.038500000000000000e+04
1.146600000000000000e+04
1.531700000000000000e+04
1.901600000000000000e+04
1.262000000000000000e+04
1.536400000000000000e+04
1.726300000000000000e+04
1.098000000000000000e+04
1.430600000000000000e+04
1.291100000000000000e+04
1.446600000000000000e+04
1.180700000000000000e+04
1.156300000000000000e+04
1.138800000000000000e+04
1.531600000000000000e+04
1.989300000000000000e+04
8.768000000000000000e+03
1.278400000000000000e+04
1.788800000000000000e+04
1.161500000000000000e+04
1.886500000000000000e+04
1.437200000000000000e+04
1.297700000000000000e+04
1.645600000000000000e+04
1.550600000000000000e+04
1.431800000000000000e+04
1.312700000000000000e+04
1.472400000000000000e+04
1.335900000000000000e+04
1.740400000000000000e+04
1.920100000000000000e+04
1.726800000000000000e+04
1.481400000000000000e+04
1.321100000000000000e+04
1.370600000000000000e+04
1.188300000000000000e+04
1.668100000000000000e+04
1.014200000000000000e+04
1.710100000000000000e+04
1.718400000000000000e+04
1.748600000000000000e+04
1.799100000000000000e+04
1.635200000000000000e+04
1.141400000000000000e+04
1.128100000000000000e+04
1.820400000000000000e+04
9.397000000000000000e+03
1.380900000000000000e+04
1.785600000000000000e+04
2.057300000000000000e+04
1.240500000000000000e+04
1.482100000000000000e+04
1.207700000000000000e+04
1.396100000000000000e+04
1.634800000000000000e+04
1.931600000000000000e+04
1.496100000000000000e+04
1.386800000000000000e+04
1.609600000000000000e+04
9.979000000000000000e+03
1.476400000000000000e+04
1.390300000000000000e+04
1.554900000000000000e+04
1.598500000000000000e+04
1.494000000000000000e+04
1.200300000000000000e+04
1.570300000000000000e+04
1.311400000000000000e+04
1.279500000000000000e+04
1.327800000000000000e+04
1.328200000000000000e+04
1.143900000000000000e+04
1.196100000000000000e+04
1.253600000000000000e+04
7.934000000000000000e+03
1.000900000000000000e+04
1.616000000000000000e+04
1.439700000000000000e+04
9.166000000000000000e+03
1.097400000000000000e+04
1.973400000000000000e+04
1.119400000000000000e+04
1.584900000000000000e+04
1.423000000000000000e+04
1.321700000000000000e+04
7.501000000000000000e+03
1.290300000000000000e+04
1.611500000000000000e+04
1.747500000000000000e+04
8.768000000000000000e+03
8.700000000000000000e+03
1.546200000000000000e+04
1.676300000000000000e+04
1.267100000000000000e+04
1.226000000000000000e+04
1.338300000000000000e+04
1.555300000000000000e+04
1.247200000000000000e+04
1.695000000000000000e+04
1.482800000000000000e+04
1.677900000000000000e+04
1.581700000000000000e+04
1.331000000000000000e+04
1.058200000000000000e+04
9.290000000000000000e+03
1.045900000000000000e+04
1.219900000000000000e+04
1.123000000000000000e+04
1.189300000000000000e+04
9.200000000000000000e+03
1.104000000000000000e+04
1.609900000000000000e+04
1.580800000000000000e+04
1.006700000000000000e+04
1.417600000000000000e+04
8.344000000000000000e+03
1.609400000000000000e+04
1.616300000000000000e+04
1.429100000000000000e+04
1.026300000000000000e+04
1.500800000000000000e+04
9.386000000000000000e+03
1.672400000000000000e+04
1.489400000000000000e+04
1.229100000000000000e+04
1.651700000000000000e+04
1.192900000000000000e+04
1.293600000000000000e+04
1.235000000000000000e+04
1.610800000000000000e+04
1.515200000000000000e+04
1.560700000000000000e+04
1.416300000000000000e+04
1.459400000000000000e+04
1.465200000000000000e+04
1.302000000000000000e+04
1.519700000000000000e+04
1.695500000000000000e+04
1.256300000000000000e+04
1.452900000000000000e+04
1.306500000000000000e+04
1.573900000000000000e+04
1.596400000000000000e+04
1.684200000000000000e+04
1.140700000000000000e+04
1.138300000000000000e+04
1.182800000000000000e+04
1.448300000000000000e+04
1.459400000000000000e+04
1.405900000000000000e+04
1.747700000000000000e+04
1.135600000000000000e+04
1.535000000000000000e+04
1.687700000000000000e+04
1.284500000000000000e+04
1.013300000000000000e+04
1.212600000000000000e+04
1.136600000000000000e+04
1.645400000000000000e+04
1.383400000000000000e+04
1.240400000000000000e+04
1.269300000000000000e+04
1.326200000000000000e+04
1.112400000000000000e+04
1.123600000000000000e+04
1.507300000000000000e+04
1.386000000000000000e+04
1.741400000000000000e+04
1.467800000000000000e+04
1.480700000000000000e+04
1.274300000000000000e+04
1.347600000000000000e+04
8.524000000000000000e+03
1.333400000000000000e+04
1.158500000000000000e+04
1.744100000000000000e+04
1.269300000000000000e+04
1.568900000000000000e+04
1.382500000000000000e+04
1.498800000000000000e+04
1.016500000000000000e+04
1.217200000000000000e+04
1.514700000000000000e+04
1.568400000000000000e+04
1.455900000000000000e+04
1.394700000000000000e+04
1.128700000000000000e+04
1.667200000000000000e+04
1.564400000000000000e+04
1.111200000000000000e+04
1.400000000000000000e+04
1.070800000000000000e+04
1.059200000000000000e+04
1.670500000000000000e+04
1.295300000000000000e+04
1.228500000000000000e+04
1.411500000000000000e+04
6.148000000000000000e+03
1.548500000000000000e+04
1.964100000000000000e+04
1.208200000000000000e+04
1.635800000000000000e+04
1.621700000000000000e+04
1.236400000000000000e+04
1.688700000000000000e+04
1.047700000000000000e+04
1.619200000000000000e+04
1.412400000000000000e+04
1.869900000000000000e+04
1.647700000000000000e+04
1.871800000000000000e+04
1.385100000000000000e+04
1.363800000000000000e+04
1.840400000000000000e+04
8.818000000000000000e+03
1.091700000000000000e+04
1.377000000000000000e+04
1.727600000000000000e+04
1.154300000000000000e+04
8.628000000000000000e+03
1.118600000000000000e+04
1.163300000000000000e+04
1.619100000000000000e+04
9.939000000000000000e+03
9.968000000000000000e+03
1.353500000000000000e+04
1.986200000000000000e+04
1.340700000000000000e+04
1.570600000000000000e+04
1.656900000000000000e+04
1.224000000000000000e+04
1.083900000000000000e+04
1.517700000000000000e+04
1.239200000000000000e+04
1.190800000000000000e+04
1.535600000000000000e+04
1.050600000000000000e+04
1.253900000000000000e+04
1.654600000000000000e+04
1.484000000000000000e+04
1.558300000000000000e+04
1.629400000000000000e+04
1.747800000000000000e+04
1.225300000000000000e+04
1.744900000000000000e+04
1.295800000000000000e+04
1.073400000000000000e+04
1.567000000000000000e+04
9.971000000000000000e+03
1.153200000000000000e+04
1.619500000000000000e+04
1.159800000000000000e+04
1.600000000000000000e+04
1.500500000000000000e+04
1.276400000000000000e+04
1.261900000000000000e+04
1.098900000000000000e+04
1.159300000000000000e+04
2.063700000000000000e+04
1.166400000000000000e+04
1.365300000000000000e+04
1.329800000000000000e+04
1.354500000000000000e+04
1.354600000000000000e+04
1.647300000000000000e+04
1.307100000000000000e+04
1.243800000000000000e+04
1.395600000000000000e+04
1.705300000000000000e+04
1.266500000000000000e+04
1.270900000000000000e+04
1.381100000000000000e+04
1.352000000000000000e+04
1.198000000000000000e+04
1.343000000000000000e+04
9.847000000000000000e+03
1.760700000000000000e+04
1.140700000000000000e+04
1.100100000000000000e+04
1.340600000000000000e+04
1.889900000000000000e+04
1.464700000000000000e+04
9.919000000000000000e+03
1.542700000000000000e+04
9.154000000000000000e+03
1.304100000000000000e+04
1.169300000000000000e+04
1.446200000000000000e+04
1.347000000000000000e+04
1.435300000000000000e+04
1.406400000000000000e+04
1.437400000000000000e+04
1.485200000000000000e+04
9.137000000000000000e+03
1.426300000000000000e+04
1.489800000000000000e+04
1.749800000000000000e+04
1.173700000000000000e+04
1.280500000000000000e+04
1.366400000000000000e+04
1.220900000000000000e+04
1.862600000000000000e+04
1.493600000000000000e+04
1.654000000000000000e+04
8.946000000000000000e+03
1.469900000000000000e+04
1.095700000000000000e+04
9.956000000000000000e+03
1.422700000000000000e+04
1.519400000000000000e+04
1.146500000000000000e+04
1.285200000000000000e+04
1.298100000000000000e+04
1.000400000000000000e+04
1.082100000000000000e+04
1.092900000000000000e+04
1.146400000000000000e+04
1.641400000000000000e+04
1.238700000000000000e+04
1.440600000000000000e+04
1.400300000000000000e+04
1.570200000000000000e+04
1.131900000000000000e+04
1.410100000000000000e+04
9.941000000000000000e+03
1.400100000000000000e+04
1.778100000000000000e+04
1.135600000000000000e+04
1.680100000000000000e+04
1.662400000000000000e+04
1.358200000000000000e+04
1.441500000000000000e+04
1.649600000000000000e+04
1.486800000000000000e+04
1.118200000000000000e+04
1.402000000000000000e+04
1.437200000000000000e+04
1.130800000000000000e+04
1.048800000000000000e+04
1.143000000000000000e+04
1.132500000000000000e+04
1.671300000000000000e+04
1.050700000000000000e+04
1.499900000000000000e+04
9.043000000000000000e+03
1.299200000000000000e+04
1.241100000000000000e+04
1.038700000000000000e+04
1.323500000000000000e+04
8.586000000000000000e+03
1.716500000000000000e+04
1.611700000000000000e+04
1.510500000000000000e+04
1.534100000000000000e+04
1.232800000000000000e+04
1.442200000000000000e+04
1.136500000000000000e+04
1.719600000000000000e+04
1.780200000000000000e+04
1.426300000000000000e+04
1.104500000000000000e+04
1.379300000000000000e+04
1.580700000000000000e+04
1.170200000000000000e+04
1.371300000000000000e+04
1.295400000000000000e+04
1.583500000000000000e+04
1.363700000000000000e+04
1.325000000000000000e+04
1.445400000000000000e+04
1.513800000000000000e+04
1.229200000000000000e+04
1.733400000000000000e+04
1.208000000000000000e+04
1.873600000000000000e+04
1.142900000000000000e+04
1.520400000000000000e+04
1.414400000000000000e+04
1.379900000000000000e+04
1.210000000000000000e+04
1.140600000000000000e+04
1.446800000000000000e+04
1.506600000000000000e+04
1.856200000000000000e+04
1.656900000000000000e+04
1.264700000000000000e+04
1.323900000000000000e+04
1.560900000000000000e+04
1.378000000000000000e+04
1.219700000000000000e+04
1.295400000000000000e+04
1.230300000000000000e+04
1.293800000000000000e+04
1.735100000000000000e+04
1.241700000000000000e+04
1.215400000000000000e+04
1.517500000000000000e+04
1.185500000000000000e+04
1.197400000000000000e+04
1.470100000000000000e+04
1.351300000000000000e+04
1.844200000000000000e+04
1.486500000000000000e+04
9.898000000000000000e+03
1.063800000000000000e+04
1.657800000000000000e+04
1.156100000000000000e+04
1.655000000000000000e+04
1.645100000000000000e+04
1.234900000000000000e+04
1.646600000000000000e+04
1.374500000000000000e+04
1.676700000000000000e+04
1.389100000000000000e+04
8.579000000000000000e+03
1.639800000000000000e+04
1.148100000000000000e+04
1.332000000000000000e+04
1.596000000000000000e+04
9.030000000000000000e+03
1.322200000000000000e+04
1.748800000000000000e+04
1.032400000000000000e+04
1.683900000000000000e+04
1.230900000000000000e+04
1.259900000000000000e+04
1.325500000000000000e+04
1.168000000000000000e+04
1.667200000000000000e+04
9.548000000000000000e+03
2.209000000000000000e+04
1.144500000000000000e+04
1.006300000000000000e+04
1.589200000000000000e+04
1.606200000000000000e+04
1.491200000000000000e+04
1.348100000000000000e+04
1.385500000000000000e+04
1.254700000000000000e+04
1.540000000000000000e+04
1.802700000000000000e+04
1.533700000000000000e+04
1.430100000000000000e+04
1.569600000000000000e+04
1.053800000000000000e+04
1.695500000000000000e+04
1.538700000000000000e+04
1.741500000000000000e+04
1.488100000000000000e+04
2.066700000000000000e+04
1.609200000000000000e+04
1.603300000000000000e+04
1.289200000000000000e+04
1.101000000000000000e+04
1.015000000000000000e+04
1.360800000000000000e+04
1.265100000000000000e+04
1.899000000000000000e+04
1.501300000000000000e+04
1.540500000000000000e+04
1.049800000000000000e+04
1.446400000000000000e+04
1.943100000000000000e+04
1.234000000000000000e+04
1.498500000000000000e+04
1.447900000000000000e+04
1.565100000000000000e+04
1.211600000000000000e+04
1.528700000000000000e+04
1.419900000000000000e+04
1.262600000000000000e+04
1.099200000000000000e+04
1.381300000000000000e+04
1.223400000000000000e+04
9.479000000000000000e+03
1.292300000000000000e+04
1.736500000000000000e+04
1.426800000000000000e+04
1.335800000000000000e+04
1.252500000000000000e+04
9.948000000000000000e+03
1.510500000000000000e+04
1.708100000000000000e+04
1.487600000000000000e+04
1.593900000000000000e+04
1.200900000000000000e+04
1.446700000000000000e+04
1.204900000000000000e+04
1.490100000000000000e+04
1.470700000000000000e+04
1.262400000000000000e+04
1.318100000000000000e+04
1.963900000000000000e+04
1.333600000000000000e+04
1.469400000000000000e+04
1.256900000000000000e+04
1.617900000000000000e+04
1.697700000000000000e+04
1.438800000000000000e+04
1.314000000000000000e+04
1.579200000000000000e+04
1.072800000000000000e+04
2.002100000000000000e+04
1.345400000000000000e+04
1.225900000000000000e+04
1.796000000000000000e+04
1.531600000000000000e+04
1.389300000000000000e+04
1.590100000000000000e+04
1.359200000000000000e+04
1.072300000000000000e+04
1.036400000000000000e+04
1.250200000000000000e+04
1.591800000000000000e+04
1.505800000000000000e+04
1.026400000000000000e+04
1.413000000000000000e+04
1.634800000000000000e+04
1.205800000000000000e+04
1.580800000000000000e+04
1.385500000000000000e+04
1.295700000000000000e+04
1.312800000000000000e+04
1.304900000000000000e+04
1.255000000000000000e+04
1.263800000000000000e+04
1.879400000000000000e+04
1.303900000000000000e+04
1.272300000000000000e+04
1.869600000000000000e+04
1.394400000000000000e+04
9.423000000000000000e+03
1.639300000000000000e+04
1.811000000000000000e+04
1.422900000000000000e+04
1.640400000000000000e+04
1.303300000000000000e+04
9.517000000000000000e+03
1.328200000000000000e+04
1.414100000000000000e+04
1.444900000000000000e+04
1.883500000000000000e+04
1.050900000000000000e+04
1.121500000000000000e+04
8.597000000000000000e+03
1.008600000000000000e+04
1.193500000000000000e+04
1.503400000000000000e+04
1.216900000000000000e+04
1.314300000000000000e+04
1.007000000000000000e+04
1.241900000000000000e+04
1.309700000000000000e+04
1.100600000000000000e+04
2.180200000000000000e+04
1.437100000000000000e+04
1.257800000000000000e+04
1.654500000000000000e+04
1.978700000000000000e+04
1.253900000000000000e+04
1.064300000000000000e+04
1.404800000000000000e+04
1.679800000000000000e+04
1.891300000000000000e+04
1.284500000000000000e+04
1.468900000000000000e+04
1.594100000000000000e+04
1.948400000000000000e+04
1.625200000000000000e+04
1.529000000000000000e+04
1.603900000000000000e+04
1.178700000000000000e+04
1.695000000000000000e+04
1.784400000000000000e+04
1.509600000000000000e+04
1.737800000000000000e+04
1.858700000000000000e+04
1.286900000000000000e+04
1.840900000000000000e+04
1.318800000000000000e+04
1.808000000000000000e+04
1.399800000000000000e+04
1.557700000000000000e+04
1.176900000000000000e+04
1.033500000000000000e+04
1.737200000000000000e+04
2.076700000000000000e+04
1.201800000000000000e+04
1.794500000000000000e+04
1.248800000000000000e+04
1.172800000000000000e+04
1.282400000000000000e+04
1.043000000000000000e+04
1.425400000000000000e+04
1.530800000000000000e+04
1.270600000000000000e+04
1.149700000000000000e+04
1.098800000000000000e+04
1.190600000000000000e+04
1.433500000000000000e+04
1.564500000000000000e+04
1.331700000000000000e+04
1.163600000000000000e+04
1.406400000000000000e+04
1.330400000000000000e+04
1.890500000000000000e+04
1.573800000000000000e+04
1.224200000000000000e+04
1.750100000000000000e+04
1.492900000000000000e+04
1.219200000000000000e+04
1.203900000000000000e+04
1.653400000000000000e+04
1.457600000000000000e+04
1.566000000000000000e+04
1.281200000000000000e+04
1.484800000000000000e+04
1.365800000000000000e+04
1.498300000000000000e+04
1.336300000000000000e+04
1.530300000000000000e+04
1.448300000000000000e+04
1.383300000000000000e+04
1.501800000000000000e+04
1.282300000000000000e+04
1.167700000000000000e+04
1.550500000000000000e+04
1.030700000000000000e+04
1.026500000000000000e+04
1.431500000000000000e+04
1.005500000000000000e+04
1.342300000000000000e+04
1.474200000000000000e+04
1.337200000000000000e+04
1.226700000000000000e+04
1.370600000000000000e+04
1.256200000000000000e+04
1.508400000000000000e+04
1.689000000000000000e+04
1.495500000000000000e+04
1.333300000000000000e+04
1.496600000000000000e+04
1.601400000000000000e+04
1.601000000000000000e+04
1.327200000000000000e+04
1.612700000000000000e+04
1.441600000000000000e+04
1.485900000000000000e+04
1.473300000000000000e+04
9.639000000000000000e+03
1.378500000000000000e+04
1.277800000000000000e+04
1.292000000000000000e+04
1.694900000000000000e+04
1.340200000000000000e+04
2.004100000000000000e+04
1.450400000000000000e+04
1.576200000000000000e+04
1.604700000000000000e+04
1.758300000000000000e+04
1.485400000000000000e+04
1.610000000000000000e+04
1.588000000000000000e+04
1.375200000000000000e+04
2.013600000000000000e+04
2.163600000000000000e+04
