3.189000000000000000e+03
3.655000000000000000e+03
4.508000000000000000e+03
4.536000000000000000e+03
4.565000000000000000e+03
5.560000000000000000e+03
5.014000000000000000e+03
4.238000000000000000e+03
4.843000000000000000e+03
5.006000000000000000e+03
5.431000000000000000e+03
5.433000000000000000e+03
5.247000000000000000e+03
4.739000000000000000e+03
4.119000000000000000e+03
4.941000000000000000e+03
2.471000000000000000e+03
4.509000000000000000e+03
4.398000000000000000e+03
5.072000000000000000e+03
3.853000000000000000e+03
2.949000000000000000e+03
4.285000000000000000e+03
4.470000000000000000e+03
3.161000000000000000e+03
3.557000000000000000e+03
4.405000000000000000e+03
3.139000000000000000e+03
4.185000000000000000e+03
3.901000000000000000e+03
4.192000000000000000e+03
3.661000000000000000e+03
5.101000000000000000e+03
4.381000000000000000e+03
4.516000000000000000e+03
5.173000000000000000e+03
5.137000000000000000e+03
5.316000000000000000e+03
5.145000000000000000e+03
4.671000000000000000e+03
4.413000000000000000e+03
5.231000000000000000e+03
3.483000000000000000e+03
5.681000000000000000e+03
4.745000000000000000e+03
5.121000000000000000e+03
5.190000000000000000e+03
4.270000000000000000e+03
4.447000000000000000e+03
5.225000000000000000e+03
5.219000000000000000e+03
4.382000000000000000e+03
5.815000000000000000e+03
4.607000000000000000e+03
5.015000000000000000e+03
4.741000000000000000e+03
5.227000000000000000e+03
4.642000000000000000e+03
4.457000000000000000e+03
5.130000000000000000e+03
3.491000000000000000e+03
4.698000000000000000e+03
5.226000000000000000e+03
5.177000000000000000e+03
4.635000000000000000e+03
5.333000000000000000e+03
5.137000000000000000e+03
4.466000000000000000e+03
6.686000000000000000e+03
4.653000000000000000e+03
4.976000000000000000e+03
5.225000000000000000e+03
6.959000000000000000e+03
5.141000000000000000e+03
5.156000000000000000e+03
5.189000000000000000e+03
6.831000000000000000e+03
6.267000000000000000e+03
3.629000000000000000e+03
5.399000000000000000e+03
5.559000000000000000e+03
3.353000000000000000e+03
5.161000000000000000e+03
5.345000000000000000e+03
4.202000000000000000e+03
5.146000000000000000e+03
6.939000000000000000e+03
5.333000000000000000e+03
5.327000000000000000e+03
4.741000000000000000e+03
3.821000000000000000e+03
5.347000000000000000e+03
5.131000000000000000e+03
4.753000000000000000e+03
4.499000000000000000e+03
5.152000000000000000e+03
5.761000000000000000e+03
4.756000000000000000e+03
4.630000000000000000e+03
7.185000000000000000e+03
4.519000000000000000e+03
3.645000000000000000e+03
4.612000000000000000e+03
4.295000000000000000e+03
4.521000000000000000e+03
4.816000000000000000e+03
4.269000000000000000e+03
4.502000000000000000e+03
5.127000000000000000e+03
4.344000000000000000e+03
5.399000000000000000e+03
8.577000000000000000e+03
7.811000000000000000e+03
4.183000000000000000e+03
5.815000000000000000e+03
5.089000000000000000e+03
4.839000000000000000e+03
4.387000000000000000e+03
3.901000000000000000e+03
3.945000000000000000e+03
6.917000000000000000e+03
4.414000000000000000e+03
4.449000000000000000e+03
5.181000000000000000e+03
5.125000000000000000e+03
4.406000000000000000e+03
4.411000000000000000e+03
6.157000000000000000e+03
4.127000000000000000e+03
4.272000000000000000e+03
5.161000000000000000e+03
5.149000000000000000e+03
4.633000000000000000e+03
4.188000000000000000e+03
4.364000000000000000e+03
6.179000000000000000e+03
3.201000000000000000e+03
4.810000000000000000e+03
4.717000000000000000e+03
5.131000000000000000e+03
4.661000000000000000e+03
5.739000000000000000e+03
5.028000000000000000e+03
4.560000000000000000e+03
6.622000000000000000e+03
5.277000000000000000e+03
4.868000000000000000e+03
5.231000000000000000e+03
5.129000000000000000e+03
5.135000000000000000e+03
6.915000000000000000e+03
4.369000000000000000e+03
5.262000000000000000e+03
4.474000000000000000e+03
2.723000000000000000e+03
6.671000000000000000e+03
5.209000000000000000e+03
3.795000000000000000e+03
8.013000000000000000e+03
4.753000000000000000e+03
4.153000000000000000e+03
6.997000000000000000e+03
3.551000000000000000e+03
5.173000000000000000e+03
4.721000000000000000e+03
5.487000000000000000e+03
4.691000000000000000e+03
5.153000000000000000e+03
4.875000000000000000e+03
5.289000000000000000e+03
4.315000000000000000e+03
4.219000000000000000e+03
6.351000000000000000e+03
5.237000000000000000e+03
4.397000000000000000e+03
4.455000000000000000e+03
2.572000000000000000e+03
5.853000000000000000e+03
4.712000000000000000e+03
4.177000000000000000e+03
4.269000000000000000e+03
5.141000000000000000e+03
5.502000000000000000e+03
5.213000000000000000e+03
5.146000000000000000e+03
4.318000000000000000e+03
4.287000000000000000e+03
4.666000000000000000e+03
4.532000000000000000e+03
6.359000000000000000e+03
6.785000000000000000e+03
4.302000000000000000e+03
6.563000000000000000e+03
4.108000000000000000e+03
5.260000000000000000e+03
6.223000000000000000e+03
6.615000000000000000e+03
4.447000000000000000e+03
4.297000000000000000e+03
7.415000000000000000e+03
4.713000000000000000e+03
5.495000000000000000e+03
8.730000000000000000e+03
5.299000000000000000e+03
4.636000000000000000e+03
4.557000000000000000e+03
3.343000000000000000e+03
5.082000000000000000e+03
5.226000000000000000e+03
6.727000000000000000e+03
8.923000000000000000e+03
5.401000000000000000e+03
4.617000000000000000e+03
5.249000000000000000e+03
4.205000000000000000e+03
3.661000000000000000e+03
6.215000000000000000e+03
6.681000000000000000e+03
2.763000000000000000e+03
5.365000000000000000e+03
4.248000000000000000e+03
5.429000000000000000e+03
7.145000000000000000e+03
5.135000000000000000e+03
6.473000000000000000e+03
5.790000000000000000e+03
4.852000000000000000e+03
4.163000000000000000e+03
5.143000000000000000e+03
2.813000000000000000e+03
6.627000000000000000e+03
4.489000000000000000e+03
5.199000000000000000e+03
4.423000000000000000e+03
3.479000000000000000e+03
4.486000000000000000e+03
4.333000000000000000e+03
6.753000000000000000e+03
4.686000000000000000e+03
4.491000000000000000e+03
4.766000000000000000e+03
5.329000000000000000e+03
7.217000000000000000e+03
5.041000000000000000e+03
3.613000000000000000e+03
3.475000000000000000e+03
6.379000000000000000e+03
5.015000000000000000e+03
4.578000000000000000e+03
5.133000000000000000e+03
6.193000000000000000e+03
4.716000000000000000e+03
4.705000000000000000e+03
4.664000000000000000e+03
4.564000000000000000e+03
3.891000000000000000e+03
4.547000000000000000e+03
5.261000000000000000e+03
2.931000000000000000e+03
4.720000000000000000e+03
4.139000000000000000e+03
4.240000000000000000e+03
4.198000000000000000e+03
4.574000000000000000e+03
7.319000000000000000e+03
3.875000000000000000e+03
4.652000000000000000e+03
4.624000000000000000e+03
5.166000000000000000e+03
4.129000000000000000e+03
5.391000000000000000e+03
4.231000000000000000e+03
4.877000000000000000e+03
4.620000000000000000e+03
4.319000000000000000e+03
4.810000000000000000e+03
4.549000000000000000e+03
4.624000000000000000e+03
6.843000000000000000e+03
5.490000000000000000e+03
5.378000000000000000e+03
5.309000000000000000e+03
4.673000000000000000e+03
6.153000000000000000e+03
5.397000000000000000e+03
3.062000000000000000e+03
5.241000000000000000e+03
5.295000000000000000e+03
3.279000000000000000e+03
5.665000000000000000e+03
4.602000000000000000e+03
4.254000000000000000e+03
4.363000000000000000e+03
5.203000000000000000e+03
4.296000000000000000e+03
5.614000000000000000e+03
5.327000000000000000e+03
5.796000000000000000e+03
5.312000000000000000e+03
5.241000000000000000e+03
4.347000000000000000e+03
4.100000000000000000e+03
3.659000000000000000e+03
4.466000000000000000e+03
5.347000000000000000e+03
5.242000000000000000e+03
4.228000000000000000e+03
5.154000000000000000e+03
5.189000000000000000e+03
6.345000000000000000e+03
5.133000000000000000e+03
4.703000000000000000e+03
4.351000000000000000e+03
4.422000000000000000e+03
5.247000000000000000e+03
4.501000000000000000e+03
5.271000000000000000e+03
6.173000000000000000e+03
4.560000000000000000e+03
4.677000000000000000e+03
4.587000000000000000e+03
5.199000000000000000e+03
4.724000000000000000e+03
5.185000000000000000e+03
5.584000000000000000e+03
5.311000000000000000e+03
4.854000000000000000e+03
5.539000000000000000e+03
4.553000000000000000e+03
5.220000000000000000e+03
5.243000000000000000e+03
5.433000000000000000e+03
5.161000000000000000e+03
4.868000000000000000e+03
4.730000000000000000e+03
5.169000000000000000e+03
3.307000000000000000e+03
4.675000000000000000e+03
5.205000000000000000e+03
5.137000000000000000e+03
3.295000000000000000e+03
5.211000000000000000e+03
4.436000000000000000e+03
4.267000000000000000e+03
5.210000000000000000e+03
3.151000000000000000e+03
4.392000000000000000e+03
4.347000000000000000e+03
4.469000000000000000e+03
4.870000000000000000e+03
4.471000000000000000e+03
4.171000000000000000e+03
5.620000000000000000e+03
6.419000000000000000e+03
5.418000000000000000e+03
6.771000000000000000e+03
4.405000000000000000e+03
6.849000000000000000e+03
5.165000000000000000e+03
2.620000000000000000e+03
5.417000000000000000e+03
6.217000000000000000e+03
5.147000000000000000e+03
4.593000000000000000e+03
5.262000000000000000e+03
6.241000000000000000e+03
4.899000000000000000e+03
5.183000000000000000e+03
6.939000000000000000e+03
5.247000000000000000e+03
5.186000000000000000e+03
4.232000000000000000e+03
6.205000000000000000e+03
5.222000000000000000e+03
5.129000000000000000e+03
5.145000000000000000e+03
5.261000000000000000e+03
3.569000000000000000e+03
8.077000000000000000e+03
4.041000000000000000e+03
5.305000000000000000e+03
3.697000000000000000e+03
5.185000000000000000e+03
8.521000000000000000e+03
4.917000000000000000e+03
5.247000000000000000e+03
5.365000000000000000e+03
3.078000000000000000e+03
3.097000000000000000e+03
4.602000000000000000e+03
6.893000000000000000e+03
4.158000000000000000e+03
4.637000000000000000e+03
4.302000000000000000e+03
7.847000000000000000e+03
6.711000000000000000e+03
6.439000000000000000e+03
5.125000000000000000e+03
2.437000000000000000e+03
6.579000000000000000e+03
5.219000000000000000e+03
5.480000000000000000e+03
4.479000000000000000e+03
4.524000000000000000e+03
4.401000000000000000e+03
5.373000000000000000e+03
3.617000000000000000e+03
5.062000000000000000e+03
3.237000000000000000e+03
4.239000000000000000e+03
3.125000000000000000e+03
4.540000000000000000e+03
4.735000000000000000e+03
6.405000000000000000e+03
4.572000000000000000e+03
4.601000000000000000e+03
5.389000000000000000e+03
7.035000000000000000e+03
4.404000000000000000e+03
4.451000000000000000e+03
5.847000000000000000e+03
6.489000000000000000e+03
4.535000000000000000e+03
5.147000000000000000e+03
3.151000000000000000e+03
4.110000000000000000e+03
4.083000000000000000e+03
4.875000000000000000e+03
6.915000000000000000e+03
4.764000000000000000e+03
4.578000000000000000e+03
5.535000000000000000e+03
4.860000000000000000e+03
4.438000000000000000e+03
4.210000000000000000e+03
5.187000000000000000e+03
6.907000000000000000e+03
5.417000000000000000e+03
3.271000000000000000e+03
4.908000000000000000e+03
4.280000000000000000e+03
4.456000000000000000e+03
4.534000000000000000e+03
6.789000000000000000e+03
5.607000000000000000e+03
4.311000000000000000e+03
4.682000000000000000e+03
4.271000000000000000e+03
6.513000000000000000e+03
6.257000000000000000e+03
4.193000000000000000e+03
4.729000000000000000e+03
5.400000000000000000e+03
3.627000000000000000e+03
4.906000000000000000e+03
3.775000000000000000e+03
3.751000000000000000e+03
5.629000000000000000e+03
5.012000000000000000e+03
4.272000000000000000e+03
4.243000000000000000e+03
4.795000000000000000e+03
6.249000000000000000e+03
4.389000000000000000e+03
4.588000000000000000e+03
6.169000000000000000e+03
3.137000000000000000e+03
4.053000000000000000e+03
6.667000000000000000e+03
2.925000000000000000e+03
6.381000000000000000e+03
6.329000000000000000e+03
4.788000000000000000e+03
6.469000000000000000e+03
4.523000000000000000e+03
4.391000000000000000e+03
5.192000000000000000e+03
5.550000000000000000e+03
4.323000000000000000e+03
4.973000000000000000e+03
5.409000000000000000e+03
4.491000000000000000e+03
4.779000000000000000e+03
5.621000000000000000e+03
4.438000000000000000e+03
5.187000000000000000e+03
5.224000000000000000e+03
4.542000000000000000e+03
3.903000000000000000e+03
4.938000000000000000e+03
3.247000000000000000e+03
4.325000000000000000e+03
4.393000000000000000e+03
7.173000000000000000e+03
4.451000000000000000e+03
6.613000000000000000e+03
8.047000000000000000e+03
4.710000000000000000e+03
4.409000000000000000e+03
2.961000000000000000e+03
5.147000000000000000e+03
4.615000000000000000e+03
4.608000000000000000e+03
5.129000000000000000e+03
4.736000000000000000e+03
3.473000000000000000e+03
4.246000000000000000e+03
4.833000000000000000e+03
4.874000000000000000e+03
6.597000000000000000e+03
3.483000000000000000e+03
4.478000000000000000e+03
6.605000000000000000e+03
5.469000000000000000e+03
4.726000000000000000e+03
4.906000000000000000e+03
5.207000000000000000e+03
4.669000000000000000e+03
4.350000000000000000e+03
4.543000000000000000e+03
2.595000000000000000e+03
4.470000000000000000e+03
4.167000000000000000e+03
5.171000000000000000e+03
6.323000000000000000e+03
5.691000000000000000e+03
3.681000000000000000e+03
5.221000000000000000e+03
5.195000000000000000e+03
6.993000000000000000e+03
4.811000000000000000e+03
2.719000000000000000e+03
4.704000000000000000e+03
4.609000000000000000e+03
6.217000000000000000e+03
4.843000000000000000e+03
6.627000000000000000e+03
5.171000000000000000e+03
3.103000000000000000e+03
5.095000000000000000e+03
4.435000000000000000e+03
4.397000000000000000e+03
6.157000000000000000e+03
6.379000000000000000e+03
4.323000000000000000e+03
5.409000000000000000e+03
4.478000000000000000e+03
2.696000000000000000e+03
4.492000000000000000e+03
5.223000000000000000e+03
5.362000000000000000e+03
4.288000000000000000e+03
5.364000000000000000e+03
5.076000000000000000e+03
6.265000000000000000e+03
3.795000000000000000e+03
4.628000000000000000e+03
5.483000000000000000e+03
4.503000000000000000e+03
4.745000000000000000e+03
5.229000000000000000e+03
4.602000000000000000e+03
5.753000000000000000e+03
4.804000000000000000e+03
6.312000000000000000e+03
4.348000000000000000e+03
4.826000000000000000e+03
7.017000000000000000e+03
4.597000000000000000e+03
4.234000000000000000e+03
5.262000000000000000e+03
4.669000000000000000e+03
4.357000000000000000e+03
5.235000000000000000e+03
5.195000000000000000e+03
5.193000000000000000e+03
3.085000000000000000e+03
5.215000000000000000e+03
5.145000000000000000e+03
4.711000000000000000e+03
2.633000000000000000e+03
6.174000000000000000e+03
6.347000000000000000e+03
4.484000000000000000e+03
5.383000000000000000e+03
5.213000000000000000e+03
5.129000000000000000e+03
4.327000000000000000e+03
4.326000000000000000e+03
5.131000000000000000e+03
4.612000000000000000e+03
5.503000000000000000e+03
4.779000000000000000e+03
4.549000000000000000e+03
4.934000000000000000e+03
5.257000000000000000e+03
4.270000000000000000e+03
4.514000000000000000e+03
5.174000000000000000e+03
4.681000000000000000e+03
4.151000000000000000e+03
3.059000000000000000e+03
4.111000000000000000e+03
5.365000000000000000e+03
5.966000000000000000e+03
5.241000000000000000e+03
4.245000000000000000e+03
4.981000000000000000e+03
5.526000000000000000e+03
6.267000000000000000e+03
4.828000000000000000e+03
6.883000000000000000e+03
5.676000000000000000e+03
4.929000000000000000e+03
6.507000000000000000e+03
3.409000000000000000e+03
4.298000000000000000e+03
6.987000000000000000e+03
4.908000000000000000e+03
5.215000000000000000e+03
5.285000000000000000e+03
4.473000000000000000e+03
4.661000000000000000e+03
7.147000000000000000e+03
4.569000000000000000e+03
5.281000000000000000e+03
6.661000000000000000e+03
5.221000000000000000e+03
6.165000000000000000e+03
7.149000000000000000e+03
4.401000000000000000e+03
5.177000000000000000e+03
4.134000000000000000e+03
4.166000000000000000e+03
4.743000000000000000e+03
5.165000000000000000e+03
3.385000000000000000e+03
7.165000000000000000e+03
6.281000000000000000e+03
6.965000000000000000e+03
5.067000000000000000e+03
5.223000000000000000e+03
4.852000000000000000e+03
4.495000000000000000e+03
2.567000000000000000e+03
7.947000000000000000e+03
4.602000000000000000e+03
6.165000000000000000e+03
5.317000000000000000e+03
4.843000000000000000e+03
3.387000000000000000e+03
4.258000000000000000e+03
4.392000000000000000e+03
6.659000000000000000e+03
3.733000000000000000e+03
8.442000000000000000e+03
6.497000000000000000e+03
3.739000000000000000e+03
4.466000000000000000e+03
4.266000000000000000e+03
5.413000000000000000e+03
3.197000000000000000e+03
1.035700000000000000e+04
5.153000000000000000e+03
5.259000000000000000e+03
5.643000000000000000e+03
7.089000000000000000e+03
5.123000000000000000e+03
5.199000000000000000e+03
2.795000000000000000e+03
5.029000000000000000e+03
6.028000000000000000e+03
5.563000000000000000e+03
4.590000000000000000e+03
6.321000000000000000e+03
4.152000000000000000e+03
5.081000000000000000e+03
5.129000000000000000e+03
5.259000000000000000e+03
6.451000000000000000e+03
6.183000000000000000e+03
4.602000000000000000e+03
3.933000000000000000e+03
4.730000000000000000e+03
6.163000000000000000e+03
5.358000000000000000e+03
5.764000000000000000e+03
5.255000000000000000e+03
3.767000000000000000e+03
4.272000000000000000e+03
4.481000000000000000e+03
5.293000000000000000e+03
7.303000000000000000e+03
5.227000000000000000e+03
4.317000000000000000e+03
4.470000000000000000e+03
5.130000000000000000e+03
4.250000000000000000e+03
4.895000000000000000e+03
4.305000000000000000e+03
8.339000000000000000e+03
5.202000000000000000e+03
4.756000000000000000e+03
3.211000000000000000e+03
4.793000000000000000e+03
5.263000000000000000e+03
5.123000000000000000e+03
5.147000000000000000e+03
3.082000000000000000e+03
4.255000000000000000e+03
5.193000000000000000e+03
4.381000000000000000e+03
4.093000000000000000e+03
5.431000000000000000e+03
4.339000000000000000e+03
4.276000000000000000e+03
5.255000000000000000e+03
5.301000000000000000e+03
4.185000000000000000e+03
4.372000000000000000e+03
5.215000000000000000e+03
4.861000000000000000e+03
7.217000000000000000e+03
6.649000000000000000e+03
5.203000000000000000e+03
7.379000000000000000e+03
5.893000000000000000e+03
4.611000000000000000e+03
3.949000000000000000e+03
5.043000000000000000e+03
5.400000000000000000e+03
4.441000000000000000e+03
5.548000000000000000e+03
5.658000000000000000e+03
5.497000000000000000e+03
3.491000000000000000e+03
5.161000000000000000e+03
4.262000000000000000e+03
4.326000000000000000e+03
5.372000000000000000e+03
4.799000000000000000e+03
5.659000000000000000e+03
5.166000000000000000e+03
4.152000000000000000e+03
6.999000000000000000e+03
5.169000000000000000e+03
4.605000000000000000e+03
4.471000000000000000e+03
3.091000000000000000e+03
3.337000000000000000e+03
4.966000000000000000e+03
3.081000000000000000e+03
4.580000000000000000e+03
5.155000000000000000e+03
3.967000000000000000e+03
4.591000000000000000e+03
5.173000000000000000e+03
3.347000000000000000e+03
5.335000000000000000e+03
6.149000000000000000e+03
4.333000000000000000e+03
4.761000000000000000e+03
3.609000000000000000e+03
4.378000000000000000e+03
6.511000000000000000e+03
7.195000000000000000e+03
6.349000000000000000e+03
5.135000000000000000e+03
6.185000000000000000e+03
4.764000000000000000e+03
5.955000000000000000e+03
4.653000000000000000e+03
4.450000000000000000e+03
6.781000000000000000e+03
5.353000000000000000e+03
6.295000000000000000e+03
4.734000000000000000e+03
6.669000000000000000e+03
4.606000000000000000e+03
4.480000000000000000e+03
4.752000000000000000e+03
5.121000000000000000e+03
4.955000000000000000e+03
6.229000000000000000e+03
4.734000000000000000e+03
7.313000000000000000e+03
5.445000000000000000e+03
2.649000000000000000e+03
4.820000000000000000e+03
5.797000000000000000e+03
5.307000000000000000e+03
4.394000000000000000e+03
4.773000000000000000e+03
5.660000000000000000e+03
7.087000000000000000e+03
3.283000000000000000e+03
4.411000000000000000e+03
5.121000000000000000e+03
5.173000000000000000e+03
3.368000000000000000e+03
6.235000000000000000e+03
4.290000000000000000e+03
3.294000000000000000e+03
5.228000000000000000e+03
4.403000000000000000e+03
3.975000000000000000e+03
4.584000000000000000e+03
6.012000000000000000e+03
4.167000000000000000e+03
6.755000000000000000e+03
4.872000000000000000e+03
6.565000000000000000e+03
4.410000000000000000e+03
4.163000000000000000e+03
4.445000000000000000e+03
4.524000000000000000e+03
6.567000000000000000e+03
5.449000000000000000e+03
2.839000000000000000e+03
2.793000000000000000e+03
5.135000000000000000e+03
4.324000000000000000e+03
7.195000000000000000e+03
4.089000000000000000e+03
6.539000000000000000e+03
4.431000000000000000e+03
5.825000000000000000e+03
5.389000000000000000e+03
4.385000000000000000e+03
6.285000000000000000e+03
3.603000000000000000e+03
8.810000000000000000e+03
4.839000000000000000e+03
4.287000000000000000e+03
4.983000000000000000e+03
2.747000000000000000e+03
6.240000000000000000e+03
5.529000000000000000e+03
7.579000000000000000e+03
3.709000000000000000e+03
3.719000000000000000e+03
4.204000000000000000e+03
4.250000000000000000e+03
6.181000000000000000e+03
7.851000000000000000e+03
4.687000000000000000e+03
7.073000000000000000e+03
4.715000000000000000e+03
4.600000000000000000e+03
4.236000000000000000e+03
4.175000000000000000e+03
6.965000000000000000e+03
4.233000000000000000e+03
4.810000000000000000e+03
4.711000000000000000e+03
4.695000000000000000e+03
6.585000000000000000e+03
7.781000000000000000e+03
5.151000000000000000e+03
5.343000000000000000e+03
5.256000000000000000e+03
6.577000000000000000e+03
3.074000000000000000e+03
4.285000000000000000e+03
4.747000000000000000e+03
8.924000000000000000e+03
6.621000000000000000e+03
5.053000000000000000e+03
5.495000000000000000e+03
2.416000000000000000e+03
4.608000000000000000e+03
4.626000000000000000e+03
4.690000000000000000e+03
4.420000000000000000e+03
5.728000000000000000e+03
3.653000000000000000e+03
4.587000000000000000e+03
7.267000000000000000e+03
5.133000000000000000e+03
4.648000000000000000e+03
5.473000000000000000e+03
4.828000000000000000e+03
3.475000000000000000e+03
4.335000000000000000e+03
7.005000000000000000e+03
4.625000000000000000e+03
5.133000000000000000e+03
5.285000000000000000e+03
5.733000000000000000e+03
5.143000000000000000e+03
2.442000000000000000e+03
5.151000000000000000e+03
6.211000000000000000e+03
6.217000000000000000e+03
4.229000000000000000e+03
6.237000000000000000e+03
6.189000000000000000e+03
6.355000000000000000e+03
3.557000000000000000e+03
5.727000000000000000e+03
6.725000000000000000e+03
4.169000000000000000e+03
6.289000000000000000e+03
6.923000000000000000e+03
5.200000000000000000e+03
4.183000000000000000e+03
5.575000000000000000e+03
4.682000000000000000e+03
5.261000000000000000e+03
4.089000000000000000e+03
3.337000000000000000e+03
5.141000000000000000e+03
4.529000000000000000e+03
5.155000000000000000e+03
4.475000000000000000e+03
5.167000000000000000e+03
5.307000000000000000e+03
5.209000000000000000e+03
4.155000000000000000e+03
3.131000000000000000e+03
4.375000000000000000e+03
4.532000000000000000e+03
4.684000000000000000e+03
7.247000000000000000e+03
5.193000000000000000e+03
3.939000000000000000e+03
5.120000000000000000e+03
6.953000000000000000e+03
5.287000000000000000e+03
3.423000000000000000e+03
5.217000000000000000e+03
3.735000000000000000e+03
4.279000000000000000e+03
6.299000000000000000e+03
4.338000000000000000e+03
4.575000000000000000e+03
5.235000000000000000e+03
5.440000000000000000e+03
5.178000000000000000e+03
5.055000000000000000e+03
4.516000000000000000e+03
3.551000000000000000e+03
6.609000000000000000e+03
4.804000000000000000e+03
4.423000000000000000e+03
5.549000000000000000e+03
4.320000000000000000e+03
4.620000000000000000e+03
4.422000000000000000e+03
4.875000000000000000e+03
6.315000000000000000e+03
4.746000000000000000e+03
5.102000000000000000e+03
7.175000000000000000e+03
4.466000000000000000e+03
4.469000000000000000e+03
5.221000000000000000e+03
2.599000000000000000e+03
4.420000000000000000e+03
6.301000000000000000e+03
4.391000000000000000e+03
5.123000000000000000e+03
5.133000000000000000e+03
5.571000000000000000e+03
5.201000000000000000e+03
3.849000000000000000e+03
4.590000000000000000e+03
6.477000000000000000e+03
4.282000000000000000e+03
5.406000000000000000e+03
5.092000000000000000e+03
4.638000000000000000e+03
3.465000000000000000e+03
7.063000000000000000e+03
6.537000000000000000e+03
6.148000000000000000e+03
5.289000000000000000e+03
5.209000000000000000e+03
4.560000000000000000e+03
5.174000000000000000e+03
4.453000000000000000e+03
5.157000000000000000e+03
5.463000000000000000e+03
4.102000000000000000e+03
5.191000000000000000e+03
5.329000000000000000e+03
4.185000000000000000e+03
5.307000000000000000e+03
7.797000000000000000e+03
4.587000000000000000e+03
8.478000000000000000e+03
8.539000000000000000e+03
4.809000000000000000e+03
5.298000000000000000e+03
4.593000000000000000e+03
8.415000000000000000e+03
5.125000000000000000e+03
6.623000000000000000e+03
6.433000000000000000e+03
5.325000000000000000e+03
