3.072000000000000000e+03
2.959000000000000000e+03
2.770000000000000000e+03
3.742000000000000000e+03
2.879000000000000000e+03
3.948000000000000000e+03
3.470000000000000000e+03
3.942000000000000000e+03
3.491000000000000000e+03
4.065000000000000000e+03
4.142000000000000000e+03
4.003000000000000000e+03
4.528000000000000000e+03
4.481000000000000000e+03
3.540000000000000000e+03
4.705000000000000000e+03
4.731000000000000000e+03
4.680000000000000000e+03
4.860000000000000000e+03
4.976000000000000000e+03
5.010000000000000000e+03
3.866000000000000000e+03
5.164000000000000000e+03
4.307000000000000000e+03
4.973000000000000000e+03
4.658000000000000000e+03
4.460000000000000000e+03
4.205000000000000000e+03
3.653000000000000000e+03
4.810000000000000000e+03
5.573000000000000000e+03
4.418000000000000000e+03
5.708000000000000000e+03
3.531000000000000000e+03
5.800000000000000000e+03
4.915000000000000000e+03
3.838000000000000000e+03
4.570000000000000000e+03
5.103000000000000000e+03
6.020000000000000000e+03
5.146000000000000000e+03
4.642000000000000000e+03
5.194000000000000000e+03
4.284000000000000000e+03
4.583000000000000000e+03
4.308000000000000000e+03
4.556000000000000000e+03
7.127000000000000000e+03
4.270000000000000000e+03
4.659000000000000000e+03
4.051000000000000000e+03
3.630000000000000000e+03
4.854000000000000000e+03
4.305000000000000000e+03
4.857000000000000000e+03
3.475000000000000000e+03
4.017000000000000000e+03
4.408000000000000000e+03
3.494000000000000000e+03
5.618000000000000000e+03
5.660000000000000000e+03
3.901000000000000000e+03
6.049000000000000000e+03
2.596000000000000000e+03
4.558000000000000000e+03
5.456000000000000000e+03
5.049000000000000000e+03
4.434000000000000000e+03
5.738000000000000000e+03
4.642000000000000000e+03
4.596000000000000000e+03
4.532000000000000000e+03
4.029000000000000000e+03
3.869000000000000000e+03
4.281000000000000000e+03
3.538000000000000000e+03
6.072000000000000000e+03
4.627000000000000000e+03
4.904000000000000000e+03
4.177000000000000000e+03
4.080000000000000000e+03
4.497000000000000000e+03
4.620000000000000000e+03
4.152000000000000000e+03
5.068000000000000000e+03
5.679000000000000000e+03
4.237000000000000000e+03
3.500000000000000000e+03
5.901000000000000000e+03
5.006000000000000000e+03
4.538000000000000000e+03
4.057000000000000000e+03
4.692000000000000000e+03
5.340000000000000000e+03
4.815000000000000000e+03
4.109000000000000000e+03
5.103000000000000000e+03
4.975000000000000000e+03
4.932000000000000000e+03
4.515000000000000000e+03
5.182000000000000000e+03
4.068000000000000000e+03
3.617000000000000000e+03
5.255000000000000000e+03
4.787000000000000000e+03
4.743000000000000000e+03
4.257000000000000000e+03
5.200000000000000000e+03
5.501000000000000000e+03
4.707000000000000000e+03
3.664000000000000000e+03
5.394000000000000000e+03
5.249000000000000000e+03
4.475000000000000000e+03
4.386000000000000000e+03
6.274000000000000000e+03
5.416000000000000000e+03
5.020000000000000000e+03
5.200000000000000000e+03
4.712000000000000000e+03
5.492000000000000000e+03
4.203000000000000000e+03
4.064000000000000000e+03
4.984000000000000000e+03
5.597000000000000000e+03
4.190000000000000000e+03
4.791000000000000000e+03
4.782000000000000000e+03
6.708000000000000000e+03
5.718000000000000000e+03
4.253000000000000000e+03
4.879000000000000000e+03
4.537000000000000000e+03
6.068000000000000000e+03
5.151000000000000000e+03
4.318000000000000000e+03
4.403000000000000000e+03
5.122000000000000000e+03
6.470000000000000000e+03
3.734000000000000000e+03
4.915000000000000000e+03
5.543000000000000000e+03
4.661000000000000000e+03
6.287000000000000000e+03
4.187000000000000000e+03
4.238000000000000000e+03
4.269000000000000000e+03
3.863000000000000000e+03
3.507000000000000000e+03
4.828000000000000000e+03
4.733000000000000000e+03
4.731000000000000000e+03
6.468000000000000000e+03
5.552000000000000000e+03
5.528000000000000000e+03
4.926000000000000000e+03
4.693000000000000000e+03
5.249000000000000000e+03
4.453000000000000000e+03
4.656000000000000000e+03
4.523000000000000000e+03
4.061000000000000000e+03
4.699000000000000000e+03
4.895000000000000000e+03
6.298000000000000000e+03
4.178000000000000000e+03
4.854000000000000000e+03
4.772000000000000000e+03
5.727000000000000000e+03
5.368000000000000000e+03
4.896000000000000000e+03
4.629000000000000000e+03
4.976000000000000000e+03
4.654000000000000000e+03
3.713000000000000000e+03
5.097000000000000000e+03
5.604000000000000000e+03
4.670000000000000000e+03
4.148000000000000000e+03
5.050000000000000000e+03
4.024000000000000000e+03
4.436000000000000000e+03
4.574000000000000000e+03
4.007000000000000000e+03
4.831000000000000000e+03
5.326000000000000000e+03
5.043000000000000000e+03
5.543000000000000000e+03
3.763000000000000000e+03
4.572000000000000000e+03
4.403000000000000000e+03
5.071000000000000000e+03
5.747000000000000000e+03
4.002000000000000000e+03
5.308000000000000000e+03
2.982000000000000000e+03
5.391000000000000000e+03
5.284000000000000000e+03
3.873000000000000000e+03
4.029000000000000000e+03
6.154000000000000000e+03
4.164000000000000000e+03
3.549000000000000000e+03
3.199000000000000000e+03
6.624000000000000000e+03
4.137000000000000000e+03
5.008000000000000000e+03
4.371000000000000000e+03
5.148000000000000000e+03
4.162000000000000000e+03
4.872000000000000000e+03
4.471000000000000000e+03
5.307000000000000000e+03
5.473000000000000000e+03
5.173000000000000000e+03
3.940000000000000000e+03
3.632000000000000000e+03
5.517000000000000000e+03
3.168000000000000000e+03
5.520000000000000000e+03
4.455000000000000000e+03
5.235000000000000000e+03
5.504000000000000000e+03
4.512000000000000000e+03
5.285000000000000000e+03
2.847000000000000000e+03
3.986000000000000000e+03
5.171000000000000000e+03
5.389000000000000000e+03
4.588000000000000000e+03
5.265000000000000000e+03
4.380000000000000000e+03
4.899000000000000000e+03
5.720000000000000000e+03
4.774000000000000000e+03
6.122000000000000000e+03
5.881000000000000000e+03
3.723000000000000000e+03
2.806000000000000000e+03
4.624000000000000000e+03
6.154000000000000000e+03
6.077000000000000000e+03
4.941000000000000000e+03
5.305000000000000000e+03
3.892000000000000000e+03
4.495000000000000000e+03
4.061000000000000000e+03
4.917000000000000000e+03
4.814000000000000000e+03
3.676000000000000000e+03
5.599000000000000000e+03
3.429000000000000000e+03
4.915000000000000000e+03
5.838000000000000000e+03
4.052000000000000000e+03
4.500000000000000000e+03
3.510000000000000000e+03
5.829000000000000000e+03
4.307000000000000000e+03
5.405000000000000000e+03
4.855000000000000000e+03
5.958000000000000000e+03
5.414000000000000000e+03
4.087000000000000000e+03
4.637000000000000000e+03
4.372000000000000000e+03
4.980000000000000000e+03
4.533000000000000000e+03
5.408000000000000000e+03
5.337000000000000000e+03
5.746000000000000000e+03
5.828000000000000000e+03
5.418000000000000000e+03
5.744000000000000000e+03
6.017000000000000000e+03
5.527000000000000000e+03
4.903000000000000000e+03
5.603000000000000000e+03
5.018000000000000000e+03
2.800000000000000000e+03
4.312000000000000000e+03
4.629000000000000000e+03
4.583000000000000000e+03
4.474000000000000000e+03
4.945000000000000000e+03
5.304000000000000000e+03
5.080000000000000000e+03
5.555000000000000000e+03
4.735000000000000000e+03
4.031000000000000000e+03
6.326000000000000000e+03
2.884000000000000000e+03
5.032000000000000000e+03
4.417000000000000000e+03
5.388000000000000000e+03
5.279000000000000000e+03
4.912000000000000000e+03
4.810000000000000000e+03
4.937000000000000000e+03
4.566000000000000000e+03
5.021000000000000000e+03
5.230000000000000000e+03
4.574000000000000000e+03
4.708000000000000000e+03
4.661000000000000000e+03
4.573000000000000000e+03
6.659000000000000000e+03
5.371000000000000000e+03
5.811000000000000000e+03
4.920000000000000000e+03
5.597000000000000000e+03
5.426000000000000000e+03
3.967000000000000000e+03
4.430000000000000000e+03
4.262000000000000000e+03
4.458000000000000000e+03
5.492000000000000000e+03
4.155000000000000000e+03
5.440000000000000000e+03
5.021000000000000000e+03
4.335000000000000000e+03
3.881000000000000000e+03
4.835000000000000000e+03
5.845000000000000000e+03
5.007000000000000000e+03
5.492000000000000000e+03
4.028000000000000000e+03
4.395000000000000000e+03
4.318000000000000000e+03
5.237000000000000000e+03
4.436000000000000000e+03
4.985000000000000000e+03
4.895000000000000000e+03
2.721000000000000000e+03
4.780000000000000000e+03
4.980000000000000000e+03
5.721000000000000000e+03
5.149000000000000000e+03
5.178000000000000000e+03
4.034000000000000000e+03
4.024000000000000000e+03
3.538000000000000000e+03
4.358000000000000000e+03
3.915000000000000000e+03
5.217000000000000000e+03
4.752000000000000000e+03
5.181000000000000000e+03
4.041000000000000000e+03
3.857000000000000000e+03
6.055000000000000000e+03
5.477000000000000000e+03
5.846000000000000000e+03
4.950000000000000000e+03
5.649000000000000000e+03
3.664000000000000000e+03
4.387000000000000000e+03
5.411000000000000000e+03
4.008000000000000000e+03
3.517000000000000000e+03
4.995000000000000000e+03
4.778000000000000000e+03
4.357000000000000000e+03
4.054000000000000000e+03
5.168000000000000000e+03
4.844000000000000000e+03
3.778000000000000000e+03
5.377000000000000000e+03
4.644000000000000000e+03
5.167000000000000000e+03
4.931000000000000000e+03
3.932000000000000000e+03
6.467000000000000000e+03
4.645000000000000000e+03
5.987000000000000000e+03
3.544000000000000000e+03
4.281000000000000000e+03
5.980000000000000000e+03
5.810000000000000000e+03
4.707000000000000000e+03
5.834000000000000000e+03
5.389000000000000000e+03
5.990000000000000000e+03
5.164000000000000000e+03
4.952000000000000000e+03
4.682000000000000000e+03
4.742000000000000000e+03
6.180000000000000000e+03
4.236000000000000000e+03
4.087000000000000000e+03
3.994000000000000000e+03
4.924000000000000000e+03
4.702000000000000000e+03
4.339000000000000000e+03
4.836000000000000000e+03
4.408000000000000000e+03
5.376000000000000000e+03
5.953000000000000000e+03
4.988000000000000000e+03
5.280000000000000000e+03
4.636000000000000000e+03
5.335000000000000000e+03
4.198000000000000000e+03
3.800000000000000000e+03
4.567000000000000000e+03
5.194000000000000000e+03
5.050000000000000000e+03
3.695000000000000000e+03
5.284000000000000000e+03
5.870000000000000000e+03
4.293000000000000000e+03
4.229000000000000000e+03
4.832000000000000000e+03
4.495000000000000000e+03
4.919000000000000000e+03
5.566000000000000000e+03
3.879000000000000000e+03
4.350000000000000000e+03
4.706000000000000000e+03
4.544000000000000000e+03
4.099000000000000000e+03
6.233000000000000000e+03
4.161000000000000000e+03
4.435000000000000000e+03
4.432000000000000000e+03
4.961000000000000000e+03
4.154000000000000000e+03
5.242000000000000000e+03
4.626000000000000000e+03
6.155000000000000000e+03
3.664000000000000000e+03
4.287000000000000000e+03
4.401000000000000000e+03
4.386000000000000000e+03
4.626000000000000000e+03
4.795000000000000000e+03
5.376000000000000000e+03
5.028000000000000000e+03
5.515000000000000000e+03
4.703000000000000000e+03
4.796000000000000000e+03
4.453000000000000000e+03
4.435000000000000000e+03
3.918000000000000000e+03
4.917000000000000000e+03
4.016000000000000000e+03
5.451000000000000000e+03
5.162000000000000000e+03
5.690000000000000000e+03
4.711000000000000000e+03
5.265000000000000000e+03
3.773000000000000000e+03
4.694000000000000000e+03
4.060000000000000000e+03
3.759000000000000000e+03
3.495000000000000000e+03
4.486000000000000000e+03
4.612000000000000000e+03
4.888000000000000000e+03
5.435000000000000000e+03
4.197000000000000000e+03
5.052000000000000000e+03
5.065000000000000000e+03
3.612000000000000000e+03
4.695000000000000000e+03
5.217000000000000000e+03
3.459000000000000000e+03
4.785000000000000000e+03
6.139000000000000000e+03
4.358000000000000000e+03
4.719000000000000000e+03
3.844000000000000000e+03
4.043000000000000000e+03
4.846000000000000000e+03
3.991000000000000000e+03
4.678000000000000000e+03
3.846000000000000000e+03
4.959000000000000000e+03
4.000000000000000000e+03
4.826000000000000000e+03
4.149000000000000000e+03
4.234000000000000000e+03
4.301000000000000000e+03
5.854000000000000000e+03
4.949000000000000000e+03
3.664000000000000000e+03
3.608000000000000000e+03
3.142000000000000000e+03
4.351000000000000000e+03
5.759000000000000000e+03
5.248000000000000000e+03
5.891000000000000000e+03
5.823000000000000000e+03
4.670000000000000000e+03
5.194000000000000000e+03
3.594000000000000000e+03
5.813000000000000000e+03
4.446000000000000000e+03
3.779000000000000000e+03
3.578000000000000000e+03
7.595000000000000000e+03
2.674000000000000000e+03
4.638000000000000000e+03
5.792000000000000000e+03
4.652000000000000000e+03
4.087000000000000000e+03
4.242000000000000000e+03
5.311000000000000000e+03
4.639000000000000000e+03
4.238000000000000000e+03
5.016000000000000000e+03
3.751000000000000000e+03
3.394000000000000000e+03
5.540000000000000000e+03
4.514000000000000000e+03
4.923000000000000000e+03
5.259000000000000000e+03
3.256000000000000000e+03
3.219000000000000000e+03
4.394000000000000000e+03
4.538000000000000000e+03
3.234000000000000000e+03
3.615000000000000000e+03
4.511000000000000000e+03
6.905000000000000000e+03
5.230000000000000000e+03
4.858000000000000000e+03
4.280000000000000000e+03
4.071000000000000000e+03
3.650000000000000000e+03
5.191000000000000000e+03
3.980000000000000000e+03
6.190000000000000000e+03
5.074000000000000000e+03
4.596000000000000000e+03
5.458000000000000000e+03
4.118000000000000000e+03
6.008000000000000000e+03
4.508000000000000000e+03
4.270000000000000000e+03
4.900000000000000000e+03
3.371000000000000000e+03
5.163000000000000000e+03
5.847000000000000000e+03
5.087000000000000000e+03
6.117000000000000000e+03
5.416000000000000000e+03
4.882000000000000000e+03
4.875000000000000000e+03
4.536000000000000000e+03
5.517000000000000000e+03
5.184000000000000000e+03
3.399000000000000000e+03
4.446000000000000000e+03
3.814000000000000000e+03
4.816000000000000000e+03
5.626000000000000000e+03
3.762000000000000000e+03
4.951000000000000000e+03
4.290000000000000000e+03
4.325000000000000000e+03
3.018000000000000000e+03
4.432000000000000000e+03
4.659000000000000000e+03
4.390000000000000000e+03
2.947000000000000000e+03
3.659000000000000000e+03
5.391000000000000000e+03
5.038000000000000000e+03
7.342000000000000000e+03
4.465000000000000000e+03
5.634000000000000000e+03
3.543000000000000000e+03
3.759000000000000000e+03
4.948000000000000000e+03
4.401000000000000000e+03
5.091000000000000000e+03
5.011000000000000000e+03
4.703000000000000000e+03
5.668000000000000000e+03
5.657000000000000000e+03
5.385000000000000000e+03
3.795000000000000000e+03
5.250000000000000000e+03
4.772000000000000000e+03
4.827000000000000000e+03
4.512000000000000000e+03
5.262000000000000000e+03
4.287000000000000000e+03
3.926000000000000000e+03
5.467000000000000000e+03
4.476000000000000000e+03
4.402000000000000000e+03
5.043000000000000000e+03
6.450000000000000000e+03
4.360000000000000000e+03
4.468000000000000000e+03
4.835000000000000000e+03
4.899000000000000000e+03
5.366000000000000000e+03
4.636000000000000000e+03
6.065000000000000000e+03
4.175000000000000000e+03
6.521000000000000000e+03
4.464000000000000000e+03
4.888000000000000000e+03
4.139000000000000000e+03
5.600000000000000000e+03
4.844000000000000000e+03
4.404000000000000000e+03
5.438000000000000000e+03
4.541000000000000000e+03
4.473000000000000000e+03
4.238000000000000000e+03
5.367000000000000000e+03
3.944000000000000000e+03
3.637000000000000000e+03
5.336000000000000000e+03
4.336000000000000000e+03
4.020000000000000000e+03
4.232000000000000000e+03
4.653000000000000000e+03
5.146000000000000000e+03
5.169000000000000000e+03
5.906000000000000000e+03
2.814000000000000000e+03
4.772000000000000000e+03
4.146000000000000000e+03
4.147000000000000000e+03
5.185000000000000000e+03
3.940000000000000000e+03
4.769000000000000000e+03
6.503000000000000000e+03
6.065000000000000000e+03
5.038000000000000000e+03
4.571000000000000000e+03
3.735000000000000000e+03
4.460000000000000000e+03
4.636000000000000000e+03
5.583000000000000000e+03
4.405000000000000000e+03
4.814000000000000000e+03
5.122000000000000000e+03
4.640000000000000000e+03
6.435000000000000000e+03
5.400000000000000000e+03
4.430000000000000000e+03
4.902000000000000000e+03
6.009000000000000000e+03
5.145000000000000000e+03
4.121000000000000000e+03
3.151000000000000000e+03
4.524000000000000000e+03
3.556000000000000000e+03
4.632000000000000000e+03
4.430000000000000000e+03
3.642000000000000000e+03
5.773000000000000000e+03
5.047000000000000000e+03
3.727000000000000000e+03
5.771000000000000000e+03
4.309000000000000000e+03
6.494000000000000000e+03
3.779000000000000000e+03
4.798000000000000000e+03
4.519000000000000000e+03
4.703000000000000000e+03
4.486000000000000000e+03
4.991000000000000000e+03
4.154000000000000000e+03
4.683000000000000000e+03
5.468000000000000000e+03
4.610000000000000000e+03
6.008000000000000000e+03
6.308000000000000000e+03
4.957000000000000000e+03
5.865000000000000000e+03
4.798000000000000000e+03
3.861000000000000000e+03
4.767000000000000000e+03
5.772000000000000000e+03
6.067000000000000000e+03
4.264000000000000000e+03
5.639000000000000000e+03
4.388000000000000000e+03
4.542000000000000000e+03
4.594000000000000000e+03
5.208000000000000000e+03
6.321000000000000000e+03
3.597000000000000000e+03
4.822000000000000000e+03
4.281000000000000000e+03
5.383000000000000000e+03
5.716000000000000000e+03
4.696000000000000000e+03
4.719000000000000000e+03
5.022000000000000000e+03
5.582000000000000000e+03
4.892000000000000000e+03
6.171000000000000000e+03
3.953000000000000000e+03
4.664000000000000000e+03
4.724000000000000000e+03
6.191000000000000000e+03
4.843000000000000000e+03
3.813000000000000000e+03
3.189000000000000000e+03
3.372000000000000000e+03
4.400000000000000000e+03
6.278000000000000000e+03
5.843000000000000000e+03
4.002000000000000000e+03
5.361000000000000000e+03
5.145000000000000000e+03
3.946000000000000000e+03
3.743000000000000000e+03
3.353000000000000000e+03
4.748000000000000000e+03
4.564000000000000000e+03
3.922000000000000000e+03
4.267000000000000000e+03
4.285000000000000000e+03
5.117000000000000000e+03
3.919000000000000000e+03
4.867000000000000000e+03
5.440000000000000000e+03
4.171000000000000000e+03
5.411000000000000000e+03
5.378000000000000000e+03
4.558000000000000000e+03
5.968000000000000000e+03
4.396000000000000000e+03
5.824000000000000000e+03
4.870000000000000000e+03
3.744000000000000000e+03
4.352000000000000000e+03
4.492000000000000000e+03
6.028000000000000000e+03
4.834000000000000000e+03
4.335000000000000000e+03
4.613000000000000000e+03
4.979000000000000000e+03
5.139000000000000000e+03
6.668000000000000000e+03
4.098000000000000000e+03
5.811000000000000000e+03
6.179000000000000000e+03
5.863000000000000000e+03
4.651000000000000000e+03
4.357000000000000000e+03
3.867000000000000000e+03
3.593000000000000000e+03
3.236000000000000000e+03
4.161000000000000000e+03
5.452000000000000000e+03
4.934000000000000000e+03
6.283000000000000000e+03
4.550000000000000000e+03
5.564000000000000000e+03
3.220000000000000000e+03
4.510000000000000000e+03
3.790000000000000000e+03
5.230000000000000000e+03
5.473000000000000000e+03
4.523000000000000000e+03
5.512000000000000000e+03
5.133000000000000000e+03
4.530000000000000000e+03
4.190000000000000000e+03
4.648000000000000000e+03
3.377000000000000000e+03
4.305000000000000000e+03
5.352000000000000000e+03
4.971000000000000000e+03
3.431000000000000000e+03
4.480000000000000000e+03
4.968000000000000000e+03
4.214000000000000000e+03
4.589000000000000000e+03
5.420000000000000000e+03
4.966000000000000000e+03
3.071000000000000000e+03
4.587000000000000000e+03
3.788000000000000000e+03
5.288000000000000000e+03
3.824000000000000000e+03
4.360000000000000000e+03
5.603000000000000000e+03
4.931000000000000000e+03
4.558000000000000000e+03
3.730000000000000000e+03
5.385000000000000000e+03
5.102000000000000000e+03
4.719000000000000000e+03
4.930000000000000000e+03
5.162000000000000000e+03
5.762000000000000000e+03
3.818000000000000000e+03
3.985000000000000000e+03
3.947000000000000000e+03
4.723000000000000000e+03
5.561000000000000000e+03
4.113000000000000000e+03
4.850000000000000000e+03
5.036000000000000000e+03
4.589000000000000000e+03
5.488000000000000000e+03
5.185000000000000000e+03
5.262000000000000000e+03
3.935000000000000000e+03
4.160000000000000000e+03
3.010000000000000000e+03
3.953000000000000000e+03
4.672000000000000000e+03
5.196000000000000000e+03
4.516000000000000000e+03
4.065000000000000000e+03
5.030000000000000000e+03
3.128000000000000000e+03
4.172000000000000000e+03
3.788000000000000000e+03
4.422000000000000000e+03
5.529000000000000000e+03
4.421000000000000000e+03
5.651000000000000000e+03
4.731000000000000000e+03
4.389000000000000000e+03
5.561000000000000000e+03
6.591000000000000000e+03
5.913000000000000000e+03
4.819000000000000000e+03
3.937000000000000000e+03
3.392000000000000000e+03
4.910000000000000000e+03
4.793000000000000000e+03
6.234000000000000000e+03
7.043000000000000000e+03
4.281000000000000000e+03
3.599000000000000000e+03
4.805000000000000000e+03
3.964000000000000000e+03
4.929000000000000000e+03
5.158000000000000000e+03
5.088000000000000000e+03
5.022000000000000000e+03
6.167000000000000000e+03
3.865000000000000000e+03
4.578000000000000000e+03
3.648000000000000000e+03
3.961000000000000000e+03
5.448000000000000000e+03
4.591000000000000000e+03
6.129000000000000000e+03
5.319000000000000000e+03
5.524000000000000000e+03
5.800000000000000000e+03
4.458000000000000000e+03
4.737000000000000000e+03
5.597000000000000000e+03
5.640000000000000000e+03
4.065000000000000000e+03
3.961000000000000000e+03
3.762000000000000000e+03
5.814000000000000000e+03
4.999000000000000000e+03
4.237000000000000000e+03
5.144000000000000000e+03
4.975000000000000000e+03
4.324000000000000000e+03
5.809000000000000000e+03
5.526000000000000000e+03
4.547000000000000000e+03
3.776000000000000000e+03
4.326000000000000000e+03
3.668000000000000000e+03
6.519000000000000000e+03
3.746000000000000000e+03
3.967000000000000000e+03
5.146000000000000000e+03
4.034000000000000000e+03
4.174000000000000000e+03
5.607000000000000000e+03
5.084000000000000000e+03
4.860000000000000000e+03
5.235000000000000000e+03
4.253000000000000000e+03
4.495000000000000000e+03
4.508000000000000000e+03
4.619000000000000000e+03
5.305000000000000000e+03
4.250000000000000000e+03
5.862000000000000000e+03
4.485000000000000000e+03
4.842000000000000000e+03
4.298000000000000000e+03
6.353000000000000000e+03
4.826000000000000000e+03
4.604000000000000000e+03
3.945000000000000000e+03
6.120000000000000000e+03
4.937000000000000000e+03
4.377000000000000000e+03
2.747000000000000000e+03
5.116000000000000000e+03
5.506000000000000000e+03
4.147000000000000000e+03
5.448000000000000000e+03
3.905000000000000000e+03
4.072000000000000000e+03
6.130000000000000000e+03
5.661000000000000000e+03
4.504000000000000000e+03
4.844000000000000000e+03
4.052000000000000000e+03
5.124000000000000000e+03
5.330000000000000000e+03
5.134000000000000000e+03
5.998000000000000000e+03
4.643000000000000000e+03
6.127000000000000000e+03
4.434000000000000000e+03
4.325000000000000000e+03
5.602000000000000000e+03
4.144000000000000000e+03
6.045000000000000000e+03
3.339000000000000000e+03
4.711000000000000000e+03
4.592000000000000000e+03
5.688000000000000000e+03
5.486000000000000000e+03
3.983000000000000000e+03
3.278000000000000000e+03
4.465000000000000000e+03
4.985000000000000000e+03
4.624000000000000000e+03
5.191000000000000000e+03
4.092000000000000000e+03
4.367000000000000000e+03
5.438000000000000000e+03
4.983000000000000000e+03
3.705000000000000000e+03
4.064000000000000000e+03
4.711000000000000000e+03
4.914000000000000000e+03
3.955000000000000000e+03
5.692000000000000000e+03
4.919000000000000000e+03
5.196000000000000000e+03
3.648000000000000000e+03
4.762000000000000000e+03
4.443000000000000000e+03
6.204000000000000000e+03
4.580000000000000000e+03
5.073000000000000000e+03
5.951000000000000000e+03
4.173000000000000000e+03
3.830000000000000000e+03
4.442000000000000000e+03
6.051000000000000000e+03
4.252000000000000000e+03
5.480000000000000000e+03
4.368000000000000000e+03
5.192000000000000000e+03
3.873000000000000000e+03
3.049000000000000000e+03
5.414000000000000000e+03
4.507000000000000000e+03
3.927000000000000000e+03
4.683000000000000000e+03
4.305000000000000000e+03
4.985000000000000000e+03
3.983000000000000000e+03
5.824000000000000000e+03
4.137000000000000000e+03
4.310000000000000000e+03
5.905000000000000000e+03
4.772000000000000000e+03
4.250000000000000000e+03
5.043000000000000000e+03
3.805000000000000000e+03
5.439000000000000000e+03
4.792000000000000000e+03
5.644000000000000000e+03
5.642000000000000000e+03
5.043000000000000000e+03
4.746000000000000000e+03
4.665000000000000000e+03
5.709000000000000000e+03
6.342000000000000000e+03
4.295000000000000000e+03
4.235000000000000000e+03
5.416000000000000000e+03
4.144000000000000000e+03
6.026000000000000000e+03
4.154000000000000000e+03
5.041000000000000000e+03
5.950000000000000000e+03
5.935000000000000000e+03
6.093000000000000000e+03
5.243000000000000000e+03
5.835000000000000000e+03
