2.529300000000000000e+04
1.716800000000000000e+04
2.654000000000000000e+04
2.183900000000000000e+04
2.217900000000000000e+04
2.099500000000000000e+04
1.931000000000000000e+04
2.259000000000000000e+04
2.242800000000000000e+04
2.060300000000000000e+04
2.317400000000000000e+04
1.987500000000000000e+04
2.472600000000000000e+04
2.530300000000000000e+04
1.982800000000000000e+04
2.303700000000000000e+04
2.383200000000000000e+04
2.427000000000000000e+04
2.694700000000000000e+04
2.115300000000000000e+04
2.007500000000000000e+04
2.210000000000000000e+04
2.609500000000000000e+04
2.019500000000000000e+04
2.341400000000000000e+04
2.388800000000000000e+04
2.266600000000000000e+04
2.156400000000000000e+04
2.300500000000000000e+04
1.558700000000000000e+04
1.611700000000000000e+04
1.802200000000000000e+04
1.489300000000000000e+04
2.645000000000000000e+04
2.617700000000000000e+04
2.200400000000000000e+04
1.800000000000000000e+04
1.977900000000000000e+04
2.005200000000000000e+04
2.058500000000000000e+04
1.892000000000000000e+04
2.320000000000000000e+04
2.233800000000000000e+04
2.322100000000000000e+04
1.693800000000000000e+04
2.079800000000000000e+04
1.644300000000000000e+04
1.496600000000000000e+04
2.225900000000000000e+04
1.714900000000000000e+04
1.729300000000000000e+04
1.413300000000000000e+04
1.682700000000000000e+04
2.368900000000000000e+04
2.641500000000000000e+04
1.638300000000000000e+04
1.928600000000000000e+04
2.022800000000000000e+04
2.000900000000000000e+04
1.702100000000000000e+04
2.196900000000000000e+04
2.179700000000000000e+04
1.984100000000000000e+04
2.029800000000000000e+04
1.779000000000000000e+04
1.827900000000000000e+04
2.121300000000000000e+04
1.631100000000000000e+04
1.966200000000000000e+04
2.051600000000000000e+04
2.117100000000000000e+04
2.461100000000000000e+04
2.111000000000000000e+04
1.670000000000000000e+04
1.862800000000000000e+04
1.706200000000000000e+04
2.189600000000000000e+04
2.156200000000000000e+04
2.222000000000000000e+04
2.167000000000000000e+04
2.305100000000000000e+04
2.016900000000000000e+04
2.496900000000000000e+04
1.756400000000000000e+04
1.175000000000000000e+04
2.421800000000000000e+04
2.007700000000000000e+04
2.133100000000000000e+04
2.332500000000000000e+04
2.126100000000000000e+04
1.899600000000000000e+04
1.848900000000000000e+04
1.930600000000000000e+04
2.412100000000000000e+04
1.881100000000000000e+04
2.420600000000000000e+04
2.437500000000000000e+04
2.093600000000000000e+04
1.955100000000000000e+04
2.262800000000000000e+04
2.505300000000000000e+04
1.952200000000000000e+04
2.435700000000000000e+04
1.971400000000000000e+04
2.265300000000000000e+04
1.994900000000000000e+04
2.078100000000000000e+04
2.234000000000000000e+04
2.205500000000000000e+04
2.201900000000000000e+04
2.008900000000000000e+04
2.019800000000000000e+04
2.076300000000000000e+04
2.272500000000000000e+04
2.273000000000000000e+04
2.414900000000000000e+04
2.089700000000000000e+04
2.351200000000000000e+04
2.367100000000000000e+04
2.093700000000000000e+04
2.090100000000000000e+04
2.284400000000000000e+04
2.463000000000000000e+04
2.170800000000000000e+04
2.442400000000000000e+04
2.444600000000000000e+04
2.265000000000000000e+04
2.933400000000000000e+04
2.297300000000000000e+04
2.505800000000000000e+04
2.271200000000000000e+04
2.574100000000000000e+04
2.333800000000000000e+04
2.068400000000000000e+04
1.901700000000000000e+04
1.757500000000000000e+04
2.617400000000000000e+04
2.597100000000000000e+04
2.211700000000000000e+04
2.671900000000000000e+04
2.569100000000000000e+04
2.677400000000000000e+04
2.404400000000000000e+04
2.407000000000000000e+04
2.671600000000000000e+04
2.702100000000000000e+04
2.444100000000000000e+04
2.489300000000000000e+04
1.669300000000000000e+04
2.726500000000000000e+04
2.511600000000000000e+04
2.266500000000000000e+04
2.783200000000000000e+04
2.249200000000000000e+04
1.855400000000000000e+04
2.612600000000000000e+04
2.129100000000000000e+04
1.971000000000000000e+04
2.157700000000000000e+04
2.033000000000000000e+04
2.502200000000000000e+04
2.474200000000000000e+04
2.276700000000000000e+04
1.991900000000000000e+04
2.005900000000000000e+04
2.310300000000000000e+04
2.451900000000000000e+04
1.699000000000000000e+04
2.374000000000000000e+04
1.987700000000000000e+04
1.939800000000000000e+04
1.985200000000000000e+04
1.925300000000000000e+04
2.028600000000000000e+04
1.718200000000000000e+04
2.435300000000000000e+04
2.561500000000000000e+04
1.899200000000000000e+04
2.034000000000000000e+04
2.132800000000000000e+04
2.518800000000000000e+04
2.031600000000000000e+04
1.881300000000000000e+04
1.893300000000000000e+04
1.905300000000000000e+04
2.339500000000000000e+04
1.857600000000000000e+04
1.961700000000000000e+04
2.130200000000000000e+04
1.676600000000000000e+04
2.480700000000000000e+04
1.778700000000000000e+04
1.739100000000000000e+04
1.701200000000000000e+04
2.001000000000000000e+04
2.273300000000000000e+04
1.568700000000000000e+04
1.834800000000000000e+04
1.728900000000000000e+04
2.256000000000000000e+04
1.852700000000000000e+04
2.217100000000000000e+04
1.786400000000000000e+04
2.057300000000000000e+04
2.393100000000000000e+04
1.803800000000000000e+04
2.073500000000000000e+04
2.417700000000000000e+04
2.347000000000000000e+04
2.315300000000000000e+04
2.239800000000000000e+04
1.994500000000000000e+04
1.670500000000000000e+04
2.002000000000000000e+04
2.362100000000000000e+04
2.375700000000000000e+04
2.236700000000000000e+04
1.979700000000000000e+04
2.342000000000000000e+04
2.343700000000000000e+04
2.070100000000000000e+04
2.010000000000000000e+04
2.451800000000000000e+04
2.831400000000000000e+04
2.079500000000000000e+04
1.840200000000000000e+04
1.803200000000000000e+04
2.035600000000000000e+04
2.111300000000000000e+04
2.059500000000000000e+04
2.196400000000000000e+04
1.740400000000000000e+04
1.878100000000000000e+04
1.990400000000000000e+04
2.568400000000000000e+04
2.350300000000000000e+04
1.894900000000000000e+04
2.090100000000000000e+04
2.320900000000000000e+04
2.436300000000000000e+04
1.966200000000000000e+04
2.450700000000000000e+04
2.117700000000000000e+04
1.875800000000000000e+04
1.767500000000000000e+04
2.079800000000000000e+04
2.124400000000000000e+04
2.125500000000000000e+04
2.267300000000000000e+04
2.005900000000000000e+04
2.077500000000000000e+04
1.463800000000000000e+04
2.413600000000000000e+04
2.918400000000000000e+04
2.507100000000000000e+04
1.876500000000000000e+04
2.684200000000000000e+04
1.810200000000000000e+04
2.098500000000000000e+04
2.432300000000000000e+04
1.953100000000000000e+04
2.073800000000000000e+04
1.618700000000000000e+04
2.666000000000000000e+04
2.673300000000000000e+04
2.583500000000000000e+04
2.131400000000000000e+04
2.153700000000000000e+04
2.227800000000000000e+04
2.539300000000000000e+04
1.920400000000000000e+04
2.251200000000000000e+04
2.189700000000000000e+04
1.857700000000000000e+04
2.049500000000000000e+04
2.490500000000000000e+04
2.125900000000000000e+04
2.088500000000000000e+04
1.735400000000000000e+04
2.384600000000000000e+04
1.729000000000000000e+04
2.975300000000000000e+04
2.528900000000000000e+04
2.018300000000000000e+04
2.823200000000000000e+04
2.331000000000000000e+04
2.820100000000000000e+04
2.611300000000000000e+04
2.751300000000000000e+04
2.269300000000000000e+04
2.288100000000000000e+04
1.783800000000000000e+04
1.886400000000000000e+04
1.909900000000000000e+04
2.032100000000000000e+04
2.817700000000000000e+04
1.703300000000000000e+04
2.593200000000000000e+04
2.722400000000000000e+04
2.511800000000000000e+04
1.660700000000000000e+04
1.995500000000000000e+04
2.492800000000000000e+04
2.140500000000000000e+04
2.149500000000000000e+04
2.175700000000000000e+04
2.088200000000000000e+04
3.028800000000000000e+04
2.068700000000000000e+04
2.375000000000000000e+04
2.211800000000000000e+04
2.094000000000000000e+04
2.312700000000000000e+04
1.733100000000000000e+04
2.332100000000000000e+04
1.947500000000000000e+04
2.234300000000000000e+04
1.917700000000000000e+04
1.998300000000000000e+04
2.109700000000000000e+04
2.561700000000000000e+04
1.753900000000000000e+04
2.229300000000000000e+04
2.119000000000000000e+04
2.846400000000000000e+04
2.221100000000000000e+04
2.519000000000000000e+04
2.035700000000000000e+04
2.315800000000000000e+04
2.156500000000000000e+04
2.174300000000000000e+04
1.498300000000000000e+04
1.882000000000000000e+04
2.066700000000000000e+04
3.133800000000000000e+04
2.349800000000000000e+04
2.532900000000000000e+04
2.202800000000000000e+04
1.956700000000000000e+04
1.658800000000000000e+04
2.426100000000000000e+04
2.202300000000000000e+04
2.438000000000000000e+04
2.144700000000000000e+04
1.930900000000000000e+04
1.932000000000000000e+04
2.147400000000000000e+04
2.423200000000000000e+04
2.107200000000000000e+04
1.957600000000000000e+04
2.694000000000000000e+04
2.324000000000000000e+04
1.969000000000000000e+04
1.999900000000000000e+04
1.878400000000000000e+04
2.422100000000000000e+04
2.503800000000000000e+04
2.261600000000000000e+04
2.361300000000000000e+04
2.791600000000000000e+04
2.373600000000000000e+04
2.404600000000000000e+04
2.130700000000000000e+04
1.847700000000000000e+04
2.446400000000000000e+04
2.578000000000000000e+04
1.846300000000000000e+04
1.915900000000000000e+04
2.014900000000000000e+04
1.776500000000000000e+04
1.834400000000000000e+04
1.791300000000000000e+04
2.198900000000000000e+04
2.413100000000000000e+04
2.010700000000000000e+04
2.173200000000000000e+04
2.213300000000000000e+04
1.924100000000000000e+04
2.785600000000000000e+04
2.471900000000000000e+04
1.845400000000000000e+04
3.091800000000000000e+04
2.312000000000000000e+04
1.843700000000000000e+04
2.441600000000000000e+04
1.783100000000000000e+04
2.235100000000000000e+04
1.860400000000000000e+04
2.138700000000000000e+04
2.374300000000000000e+04
1.902200000000000000e+04
1.669600000000000000e+04
2.442000000000000000e+04
1.625300000000000000e+04
2.009200000000000000e+04
2.395100000000000000e+04
2.442100000000000000e+04
2.118600000000000000e+04
2.090700000000000000e+04
2.282900000000000000e+04
2.097600000000000000e+04
2.601000000000000000e+04
2.054000000000000000e+04
2.697500000000000000e+04
1.847900000000000000e+04
1.966300000000000000e+04
2.420300000000000000e+04
2.177600000000000000e+04
2.098100000000000000e+04
1.876600000000000000e+04
2.228200000000000000e+04
2.648000000000000000e+04
2.241700000000000000e+04
1.765300000000000000e+04
2.269700000000000000e+04
2.178600000000000000e+04
2.153300000000000000e+04
2.509400000000000000e+04
1.721700000000000000e+04
2.032500000000000000e+04
2.565400000000000000e+04
1.606500000000000000e+04
2.969300000000000000e+04
2.409700000000000000e+04
2.270700000000000000e+04
2.476500000000000000e+04
1.824500000000000000e+04
2.265100000000000000e+04
2.720400000000000000e+04
2.351700000000000000e+04
2.316100000000000000e+04
2.360900000000000000e+04
2.050300000000000000e+04
2.221100000000000000e+04
1.812400000000000000e+04
1.795700000000000000e+04
2.404800000000000000e+04
2.184700000000000000e+04
2.192200000000000000e+04
2.534200000000000000e+04
1.983300000000000000e+04
1.817300000000000000e+04
2.638900000000000000e+04
2.283700000000000000e+04
1.613200000000000000e+04
1.883000000000000000e+04
1.921800000000000000e+04
1.810000000000000000e+04
2.586200000000000000e+04
2.275100000000000000e+04
1.874800000000000000e+04
1.737600000000000000e+04
1.785700000000000000e+04
1.748600000000000000e+04
2.507500000000000000e+04
2.004600000000000000e+04
2.345700000000000000e+04
2.141100000000000000e+04
2.101100000000000000e+04
1.889700000000000000e+04
1.783700000000000000e+04
2.278000000000000000e+04
2.171600000000000000e+04
2.837400000000000000e+04
2.128000000000000000e+04
1.694500000000000000e+04
1.930500000000000000e+04
1.851800000000000000e+04
2.411700000000000000e+04
1.460800000000000000e+04
2.650000000000000000e+04
2.295800000000000000e+04
2.391700000000000000e+04
2.046400000000000000e+04
2.369300000000000000e+04
1.532500000000000000e+04
2.075000000000000000e+04
2.481600000000000000e+04
2.329800000000000000e+04
1.969800000000000000e+04
2.187400000000000000e+04
1.644400000000000000e+04
2.264400000000000000e+04
2.449700000000000000e+04
1.660000000000000000e+04
1.841500000000000000e+04
2.329700000000000000e+04
2.162800000000000000e+04
2.037000000000000000e+04
1.953400000000000000e+04
2.000100000000000000e+04
2.474500000000000000e+04
2.578900000000000000e+04
2.251900000000000000e+04
2.582100000000000000e+04
1.991100000000000000e+04
1.831800000000000000e+04
3.115700000000000000e+04
2.066200000000000000e+04
1.858600000000000000e+04
1.861800000000000000e+04
1.943000000000000000e+04
1.695900000000000000e+04
1.839300000000000000e+04
2.253500000000000000e+04
2.446300000000000000e+04
2.418300000000000000e+04
2.197400000000000000e+04
2.393700000000000000e+04
2.280500000000000000e+04
1.677200000000000000e+04
1.771800000000000000e+04
2.425100000000000000e+04
2.646400000000000000e+04
2.107300000000000000e+04
1.551400000000000000e+04
1.580300000000000000e+04
2.153700000000000000e+04
2.336700000000000000e+04
1.663400000000000000e+04
2.111900000000000000e+04
1.786100000000000000e+04
2.665700000000000000e+04
2.376100000000000000e+04
1.888600000000000000e+04
2.373500000000000000e+04
1.780800000000000000e+04
1.852400000000000000e+04
2.584400000000000000e+04
2.626200000000000000e+04
2.227500000000000000e+04
2.340700000000000000e+04
2.783100000000000000e+04
2.000100000000000000e+04
2.446600000000000000e+04
2.463900000000000000e+04
2.071800000000000000e+04
2.756500000000000000e+04
2.383000000000000000e+04
2.317900000000000000e+04
2.530500000000000000e+04
2.642900000000000000e+04
1.794800000000000000e+04
2.304700000000000000e+04
2.404300000000000000e+04
1.636500000000000000e+04
1.896800000000000000e+04
3.251400000000000000e+04
2.221700000000000000e+04
2.321100000000000000e+04
1.997400000000000000e+04
2.384700000000000000e+04
2.518900000000000000e+04
1.880500000000000000e+04
2.155800000000000000e+04
1.941600000000000000e+04
2.344700000000000000e+04
2.111400000000000000e+04
2.289900000000000000e+04
1.894200000000000000e+04
2.278400000000000000e+04
2.527700000000000000e+04
1.994400000000000000e+04
2.474700000000000000e+04
1.901100000000000000e+04
2.375500000000000000e+04
1.997900000000000000e+04
1.936600000000000000e+04
2.015200000000000000e+04
2.469200000000000000e+04
2.188200000000000000e+04
2.364500000000000000e+04
2.123100000000000000e+04
2.181100000000000000e+04
2.513000000000000000e+04
1.597400000000000000e+04
2.548800000000000000e+04
2.755300000000000000e+04
1.564300000000000000e+04
2.238600000000000000e+04
2.460700000000000000e+04
1.877200000000000000e+04
1.948000000000000000e+04
2.262400000000000000e+04
1.831800000000000000e+04
2.152600000000000000e+04
1.972400000000000000e+04
2.419700000000000000e+04
2.375700000000000000e+04
2.036900000000000000e+04
2.221000000000000000e+04
1.541900000000000000e+04
2.927500000000000000e+04
2.155700000000000000e+04
2.600400000000000000e+04
2.532900000000000000e+04
1.922200000000000000e+04
2.486300000000000000e+04
2.082600000000000000e+04
2.545400000000000000e+04
2.721500000000000000e+04
1.858500000000000000e+04
2.564400000000000000e+04
2.689900000000000000e+04
1.432300000000000000e+04
2.120400000000000000e+04
2.266400000000000000e+04
2.021700000000000000e+04
2.229900000000000000e+04
2.262900000000000000e+04
1.995900000000000000e+04
2.066000000000000000e+04
2.591100000000000000e+04
2.106100000000000000e+04
2.101500000000000000e+04
2.287300000000000000e+04
2.337600000000000000e+04
1.670800000000000000e+04
2.319400000000000000e+04
1.917500000000000000e+04
2.504500000000000000e+04
2.148500000000000000e+04
1.917500000000000000e+04
2.405800000000000000e+04
2.040100000000000000e+04
2.432300000000000000e+04
1.890500000000000000e+04
1.956200000000000000e+04
2.285500000000000000e+04
2.495300000000000000e+04
2.381300000000000000e+04
2.123400000000000000e+04
1.722800000000000000e+04
1.928900000000000000e+04
1.967000000000000000e+04
2.296900000000000000e+04
2.600600000000000000e+04
1.820400000000000000e+04
2.604200000000000000e+04
1.915600000000000000e+04
1.962900000000000000e+04
2.698100000000000000e+04
1.956300000000000000e+04
2.447600000000000000e+04
1.860200000000000000e+04
2.171000000000000000e+04
2.151300000000000000e+04
2.046300000000000000e+04
2.378100000000000000e+04
2.445700000000000000e+04
2.624500000000000000e+04
2.564900000000000000e+04
2.855600000000000000e+04
2.188400000000000000e+04
2.040100000000000000e+04
2.268600000000000000e+04
2.259600000000000000e+04
2.678800000000000000e+04
1.826700000000000000e+04
2.049600000000000000e+04
2.617000000000000000e+04
2.018900000000000000e+04
2.066100000000000000e+04
2.011600000000000000e+04
2.134100000000000000e+04
2.103000000000000000e+04
2.800300000000000000e+04
2.220400000000000000e+04
1.568900000000000000e+04
2.178200000000000000e+04
2.223600000000000000e+04
1.861100000000000000e+04
2.469100000000000000e+04
2.201500000000000000e+04
2.697400000000000000e+04
2.143100000000000000e+04
2.286400000000000000e+04
2.592100000000000000e+04
2.363000000000000000e+04
1.751100000000000000e+04
2.752800000000000000e+04
1.905300000000000000e+04
1.531500000000000000e+04
2.249800000000000000e+04
1.608800000000000000e+04
2.504700000000000000e+04
2.316600000000000000e+04
1.959000000000000000e+04
2.285300000000000000e+04
2.121600000000000000e+04
2.479600000000000000e+04
1.985400000000000000e+04
1.979000000000000000e+04
1.782300000000000000e+04
1.996400000000000000e+04
2.165100000000000000e+04
2.063500000000000000e+04
2.608100000000000000e+04
2.526600000000000000e+04
1.980900000000000000e+04
2.043800000000000000e+04
2.202300000000000000e+04
2.360200000000000000e+04
2.155400000000000000e+04
2.592200000000000000e+04
2.078700000000000000e+04
2.278500000000000000e+04
1.931300000000000000e+04
1.786400000000000000e+04
2.352200000000000000e+04
1.701600000000000000e+04
2.063100000000000000e+04
2.449700000000000000e+04
1.712400000000000000e+04
2.649500000000000000e+04
1.990100000000000000e+04
1.760900000000000000e+04
2.228200000000000000e+04
1.988500000000000000e+04
2.348800000000000000e+04
2.227700000000000000e+04
2.005400000000000000e+04
1.997000000000000000e+04
2.059300000000000000e+04
1.768000000000000000e+04
2.883200000000000000e+04
1.923500000000000000e+04
2.259700000000000000e+04
2.119300000000000000e+04
2.633300000000000000e+04
2.011100000000000000e+04
2.376600000000000000e+04
2.784600000000000000e+04
2.746700000000000000e+04
2.448300000000000000e+04
2.557400000000000000e+04
1.869100000000000000e+04
1.988600000000000000e+04
1.633700000000000000e+04
2.251500000000000000e+04
1.746100000000000000e+04
2.007700000000000000e+04
1.756200000000000000e+04
2.863100000000000000e+04
2.242900000000000000e+04
2.083700000000000000e+04
1.809900000000000000e+04
1.976500000000000000e+04
2.325700000000000000e+04
1.822500000000000000e+04
1.825900000000000000e+04
2.313800000000000000e+04
1.820100000000000000e+04
2.337100000000000000e+04
2.389000000000000000e+04
1.970400000000000000e+04
1.569200000000000000e+04
1.963600000000000000e+04
2.068400000000000000e+04
2.153300000000000000e+04
2.045900000000000000e+04
2.083600000000000000e+04
2.294600000000000000e+04
1.990500000000000000e+04
2.268500000000000000e+04
2.626400000000000000e+04
2.496500000000000000e+04
1.590200000000000000e+04
2.060200000000000000e+04
2.084100000000000000e+04
1.968000000000000000e+04
1.990600000000000000e+04
1.718600000000000000e+04
2.160100000000000000e+04
1.896900000000000000e+04
2.085600000000000000e+04
2.126700000000000000e+04
2.218800000000000000e+04
2.144000000000000000e+04
1.615500000000000000e+04
2.544900000000000000e+04
2.034500000000000000e+04
2.385300000000000000e+04
2.041000000000000000e+04
2.104600000000000000e+04
1.788700000000000000e+04
1.577300000000000000e+04
1.824300000000000000e+04
3.069500000000000000e+04
1.934000000000000000e+04
1.867200000000000000e+04
1.869300000000000000e+04
2.648400000000000000e+04
1.897500000000000000e+04
2.643200000000000000e+04
2.002900000000000000e+04
1.868800000000000000e+04
2.192700000000000000e+04
2.120900000000000000e+04
2.333300000000000000e+04
1.763100000000000000e+04
1.984400000000000000e+04
2.387000000000000000e+04
2.734000000000000000e+04
1.621300000000000000e+04
2.351400000000000000e+04
2.665400000000000000e+04
2.305800000000000000e+04
2.498500000000000000e+04
2.142600000000000000e+04
2.017100000000000000e+04
1.887200000000000000e+04
2.527700000000000000e+04
1.831100000000000000e+04
2.570100000000000000e+04
2.314600000000000000e+04
1.436100000000000000e+04
1.880800000000000000e+04
2.207100000000000000e+04
1.506700000000000000e+04
1.768900000000000000e+04
2.573300000000000000e+04
1.997700000000000000e+04
2.122500000000000000e+04
1.859800000000000000e+04
2.094900000000000000e+04
2.841900000000000000e+04
1.710700000000000000e+04
1.983800000000000000e+04
2.948100000000000000e+04
2.037500000000000000e+04
2.118000000000000000e+04
2.012500000000000000e+04
1.789200000000000000e+04
2.305800000000000000e+04
1.574800000000000000e+04
1.910200000000000000e+04
1.835200000000000000e+04
2.532900000000000000e+04
1.831500000000000000e+04
1.971600000000000000e+04
2.225000000000000000e+04
2.199400000000000000e+04
3.075300000000000000e+04
2.297200000000000000e+04
2.208300000000000000e+04
2.834100000000000000e+04
2.822700000000000000e+04
2.191100000000000000e+04
2.053000000000000000e+04
1.956600000000000000e+04
1.870200000000000000e+04
2.023500000000000000e+04
2.291600000000000000e+04
2.260200000000000000e+04
2.523800000000000000e+04
2.424900000000000000e+04
1.423300000000000000e+04
1.864200000000000000e+04
2.428700000000000000e+04
2.713600000000000000e+04
1.799800000000000000e+04
2.081800000000000000e+04
1.708500000000000000e+04
2.451500000000000000e+04
2.462300000000000000e+04
2.217500000000000000e+04
1.825600000000000000e+04
3.216500000000000000e+04
2.043500000000000000e+04
2.005900000000000000e+04
2.477500000000000000e+04
2.548700000000000000e+04
1.868000000000000000e+04
1.939600000000000000e+04
2.445900000000000000e+04
2.746000000000000000e+04
2.023700000000000000e+04
1.932300000000000000e+04
2.151100000000000000e+04
2.019800000000000000e+04
2.612200000000000000e+04
2.398900000000000000e+04
1.751600000000000000e+04
1.993300000000000000e+04
1.887100000000000000e+04
1.972300000000000000e+04
2.405100000000000000e+04
2.653100000000000000e+04
1.934200000000000000e+04
2.498900000000000000e+04
2.498300000000000000e+04
1.835600000000000000e+04
1.958200000000000000e+04
2.198600000000000000e+04
2.759000000000000000e+04
2.545200000000000000e+04
2.272000000000000000e+04
2.275400000000000000e+04
2.246800000000000000e+04
2.051900000000000000e+04
2.131800000000000000e+04
2.211200000000000000e+04
2.194700000000000000e+04
2.127000000000000000e+04
2.011800000000000000e+04
2.504900000000000000e+04
2.182700000000000000e+04
2.165300000000000000e+04
1.945100000000000000e+04
2.324900000000000000e+04
1.903200000000000000e+04
2.200800000000000000e+04
2.760500000000000000e+04
1.558400000000000000e+04
1.438400000000000000e+04
2.069900000000000000e+04
2.410900000000000000e+04
2.866200000000000000e+04
1.889300000000000000e+04
2.246600000000000000e+04
2.697300000000000000e+04
3.008400000000000000e+04
2.145400000000000000e+04
2.395400000000000000e+04
1.992400000000000000e+04
2.436500000000000000e+04
1.925500000000000000e+04
2.035000000000000000e+04
2.148700000000000000e+04
2.933700000000000000e+04
2.193900000000000000e+04
2.873800000000000000e+04
2.204500000000000000e+04
2.170900000000000000e+04
1.770000000000000000e+04
2.004900000000000000e+04
2.501100000000000000e+04
2.162600000000000000e+04
1.702200000000000000e+04
2.679600000000000000e+04
1.983400000000000000e+04
2.333400000000000000e+04
2.578700000000000000e+04
2.778100000000000000e+04
2.395200000000000000e+04
1.898300000000000000e+04
1.991500000000000000e+04
2.500900000000000000e+04
1.961800000000000000e+04
2.195900000000000000e+04
1.839000000000000000e+04
2.580400000000000000e+04
1.350700000000000000e+04
1.735000000000000000e+04
2.532300000000000000e+04
2.521500000000000000e+04
2.055900000000000000e+04
2.039800000000000000e+04
1.918300000000000000e+04
2.291200000000000000e+04
2.358300000000000000e+04
2.076500000000000000e+04
2.116000000000000000e+04
2.194100000000000000e+04
1.876900000000000000e+04
1.492800000000000000e+04
2.578600000000000000e+04
2.397200000000000000e+04
2.049800000000000000e+04
1.925800000000000000e+04
2.605900000000000000e+04
2.159300000000000000e+04
1.971400000000000000e+04
2.524800000000000000e+04
1.978700000000000000e+04
2.321600000000000000e+04
2.459400000000000000e+04
2.242400000000000000e+04
2.247200000000000000e+04
1.902000000000000000e+04
1.895900000000000000e+04
1.985900000000000000e+04
2.860300000000000000e+04
1.958500000000000000e+04
1.992900000000000000e+04
2.458800000000000000e+04
2.274500000000000000e+04
2.078100000000000000e+04
2.322200000000000000e+04
1.997300000000000000e+04
2.707900000000000000e+04
2.257500000000000000e+04
1.610300000000000000e+04
3.281600000000000000e+04
2.332400000000000000e+04
2.150700000000000000e+04
1.929700000000000000e+04
2.092000000000000000e+04
2.987400000000000000e+04
